1.000000  0.000000  0.000000  0.000000
1.000000  0.000000  0.000000  0.000000
1.000000  0.000000  0.000000  0.000000
1.000000  0.000000  0.000000  0.000000
1.000000  0.000000  0.000000  0.000000
1.000000  0.000000  0.000000  0.000000
0.900434  0.000000  0.000000  0.099566
0.869827  0.000000  0.000000  0.130173
0.846275  0.000000  0.000000  0.153725
1.000000  0.000000  0.000000  0.000000
0.997379  0.002621  0.000000  0.000000
0.973501  0.026499  0.000000  0.000000
1.000000  0.000000  0.000000  0.000000
1.000000  0.000000  0.000000  0.000000
0.999995  0.000005  0.000000  0.000000
1.000000  0.000000  0.000000  0.000000
1.000000  0.000000  0.000000  0.000000
0.999941  0.000000  0.000000  0.000059
1.000000  0.000000  0.000000  0.000000
1.000000  0.000000  0.000000  0.000000
0.996243  0.003757  0.000000  0.000000
1.000000  0.000000  0.000000  0.000000
0.997481  0.000000  0.000000  0.002518
0.996199  0.000000  0.000000  0.003800
0.976286  0.000000  0.000000  0.023714
0.983465  0.000000  0.000000  0.016535
0.984408  0.000000  0.000000  0.015592
0.980115  0.000000  0.000000  0.019885
0.988244  0.000000  0.000000  0.011755
0.997866  0.000000  0.000000  0.002134
0.994933  0.000000  0.000000  0.005067
1.000000  0.000000  0.000000  0.000000
0.966834  0.003261  0.000000  0.029905
1.000000  0.000000  0.000000  0.000000
0.999556  0.000000  0.000000  0.000444
0.999921  0.000000  0.000000  0.000079
0.992896  0.000000  0.000000  0.007104
0.966491  0.000000  0.000000  0.033508
0.846282  0.000000  0.000000  0.153717
0.748878  0.000000  0.251121  0.000000
1.000000  0.000000  0.000000  0.000000
1.000000  0.000000  0.000000  0.000000
0.997101  0.000000  0.000000  0.002899
0.999930  0.000000  0.000000  0.000070
0.996356  0.000000  0.000000  0.003644
1.000000  0.000000  0.000000  0.000000
0.980631  0.000000  0.000000  0.019368
1.000000  0.000000  0.000000  0.000000
1.000000  0.000000  0.000000  0.000000
1.000000  0.000000  0.000000  0.000000
0.299909  0.000000  0.000000  0.700090
0.300412  0.000000  0.000000  0.699588
0.249347  0.000000  0.000000  0.750653
0.320927  0.000000  0.000000  0.679073
0.288917  0.000000  0.000000  0.711083
0.273315  0.002349  0.000000  0.724336
0.178788  0.055633  0.000000  0.765578
0.146306  0.018044  0.000000  0.835650
0.287258  0.000000  0.000000  0.712742
0.597788  0.000000  0.000000  0.402212
0.543584  0.033375  0.000000  0.423040
0.671050  0.000000  0.000000  0.328950
0.889721  0.034530  0.000000  0.075749
0.928686  0.000441  0.000000  0.070874
0.903832  0.027100  0.000000  0.069068
0.929552  0.000402  0.000000  0.070045
0.843729  0.094983  0.000000  0.061289
0.888911  0.033448  0.000000  0.077642
0.911691  0.013255  0.000000  0.075055
0.915664  0.000000  0.000000  0.084336
0.858040  0.066970  0.000000  0.074990
0.881980  0.049149  0.000000  0.068871
0.924076  0.075890  0.000000  0.000034
0.926550  0.073206  0.000000  0.000243
0.964005  0.035941  0.000000  0.000054
0.932459  0.067267  0.000000  0.000274
0.899143  0.100857  0.000000  0.000000
0.836456  0.161882  0.000000  0.001661
0.998108  0.001892  0.000000  0.000000
0.998926  0.000000  0.000000  0.001074
0.885306  0.114616  0.000000  0.000078
0.922268  0.077054  0.000000  0.000678
0.996920  0.000000  0.000000  0.003080
0.843641  0.156359  0.000000  0.000000
0.975395  0.024605  0.000000  0.000000
0.786444  0.211949  0.000000  0.001607
1.000000  0.000000  0.000000  0.000000
0.915828  0.084172  0.000000  0.000000
0.990377  0.007137  0.000000  0.002486
0.999997  0.000000  0.000000  0.000002
0.979766  0.020234  0.000000  0.000000
0.909423  0.086364  0.000000  0.004213
0.926521  0.073456  0.000000  0.000023
0.965787  0.034017  0.000000  0.000196
0.991780  0.006141  0.000000  0.002080
0.977521  0.021860  0.000000  0.000619
0.951465  0.048369  0.000000  0.000165
0.995933  0.000000  0.000000  0.004067
0.925907  0.068932  0.000000  0.005161
0.917952  0.081647  0.000000  0.000400
0.966841  0.000000  0.000000  0.033159
0.871529  0.127833  0.000000  0.000637
0.973442  0.026527  0.000000  0.000031
0.997239  0.002761  0.000000  0.000000
0.982402  0.017500  0.000000  0.000099
1.000000  0.000000  0.000000  0.000000
1.000000  0.000000  0.000000  0.000000
1.000000  0.000000  0.000000  0.000000
1.000000  0.000000  0.000000  0.000000
1.000000  0.000000  0.000000  0.000000
1.000000  0.000000  0.000000  0.000000
0.922687  0.077313  0.000000  0.000000
1.000000  0.000000  0.000000  0.000000
1.000000  0.000000  0.000000  0.000000
1.000000  0.000000  0.000000  0.000000
1.000000  0.000000  0.000000  0.000000
1.000000  0.000000  0.000000  0.000000
1.000000  0.000000  0.000000  0.000000
0.999999  0.000000  0.000000  0.000000
0.993852  0.006148  0.000000  0.000000
0.994496  0.005504  0.000000  0.000000
0.583671  0.064021  0.000000  0.352308
0.593905  0.107146  0.000000  0.298949
0.803982  0.092793  0.000000  0.103224
0.000000  0.122040  0.000000  0.877959
0.000000  0.000000  1.000000  0.000000
0.000000  0.000000  1.000000  0.000000
0.000000  0.000000  1.000000  0.000000
0.799519  0.000000  0.000000  0.200481
0.000000  1.000000  0.000000  0.000000
0.000000  1.000000  0.000000  0.000000
0.166037  0.456023  0.000000  0.377940
0.000000  1.000000  0.000000  0.000000
0.000001  0.999998  0.000001  0.000001
0.000000  0.999999  0.000000  0.000000
0.000000  0.999999  0.000000  0.000000
0.396279  0.603721  0.000000  0.000000
0.000000  1.000000  0.000000  0.000000
0.514989  0.485011  0.000000  0.000000
0.611721  0.388279  0.000000  0.000000
0.000000  1.000000  0.000000  0.000000
0.435319  0.215726  0.000000  0.348955
0.459412  0.209858  0.000000  0.330730
0.725904  0.000243  0.000000  0.273853
0.681307  0.025818  0.000000  0.292875
0.712519  0.000000  0.000000  0.287481
0.589157  0.058831  0.000000  0.352011
0.254133  0.429487  0.000000  0.316380
0.688368  0.011042  0.000000  0.300591
0.712378  0.000000  0.000000  0.287622
0.701882  0.000000  0.000000  0.298118
0.754539  0.000000  0.000000  0.245461
0.668733  0.117328  0.000000  0.213938
0.394983  0.435703  0.000000  0.169313
0.650072  0.167651  0.000000  0.182276
0.451585  0.372280  0.000000  0.176135
0.525279  0.264579  0.000000  0.210141
0.416498  0.391146  0.000000  0.192356
0.441369  0.357373  0.000000  0.201258
0.683841  0.120259  0.000000  0.195900
0.549946  0.252561  0.000000  0.197494
0.379603  0.414861  0.000000  0.205535
0.689360  0.100793  0.000000  0.209848
0.702907  0.159403  0.000000  0.137691
0.417448  0.060806  0.000000  0.521745
0.899596  0.000000  0.000000  0.100404
0.635486  0.257025  0.000000  0.107489
0.920860  0.000000  0.000000  0.079140
0.777987  0.109554  0.000000  0.112459
0.931210  0.000000  0.000000  0.068790
0.942926  0.000000  0.000000  0.057074
0.913593  0.000000  0.000000  0.086407
0.519271  0.372623  0.000000  0.108107
0.895465  0.000000  0.000000  0.104535
0.933329  0.000000  0.000000  0.066670
0.499521  0.500479  0.000000  0.000000
0.677541  0.189191  0.000000  0.133267
0.444812  0.223919  0.000000  0.331268
0.879816  0.000000  0.000000  0.120184
0.469455  0.473270  0.000000  0.057275
0.861227  0.000000  0.000000  0.138772
0.923897  0.000000  0.000000  0.076103
0.626532  0.000000  0.000000  0.373468
0.832514  0.000000  0.000000  0.167486
0.898906  0.000000  0.000000  0.101094
0.670231  0.194099  0.000000  0.135670
0.000000  1.000000  0.000000  0.000000
0.000000  0.271433  0.000000  0.728567
0.000000  0.143629  0.000000  0.856370
0.000000  0.000000  0.000000  1.000000
0.000000  0.000000  0.000000  1.000000
0.000000  0.000000  0.000000  1.000000
0.000000  0.068398  0.000000  0.931602
0.000000  0.000000  0.000000  1.000000
0.000000  0.000000  0.000000  1.000000
0.003180  0.000000  0.000000  0.996820
0.000000  0.000000  0.000000  1.000000
0.535772  0.407610  0.000000  0.056617
0.000000  0.495324  0.009238  0.495438
0.759746  0.192783  0.000000  0.047471
0.590769  0.362340  0.000000  0.046891
0.170279  0.364798  0.000000  0.464922
0.834615  0.103380  0.000000  0.062006
0.697335  0.230535  0.000000  0.072130
0.766836  0.000083  0.000000  0.233081
0.626578  0.224105  0.000000  0.149317
0.617696  0.334677  0.000000  0.047627
0.000000  1.000000  0.000000  0.000000
0.000000  1.000000  0.000000  0.000000
0.000000  1.000000  0.000000  0.000000
0.000000  0.999999  0.000000  0.000000
0.000000  1.000000  0.000000  0.000000
0.000000  0.999999  0.000000  0.000000
0.000000  0.999999  0.000000  0.000000
0.539676  0.460324  0.000000  0.000000
0.683193  0.316807  0.000000  0.000000
0.544602  0.455398  0.000000  0.000000
0.000000  0.058044  0.000000  0.941956
0.499458  0.217192  0.000000  0.283350
0.000000  0.382751  0.000000  0.617249
0.000000  0.195066  0.000000  0.804934
0.000000  0.000000  0.000000  1.000000
0.000000  0.133178  0.000000  0.866822
0.000000  0.136461  0.000000  0.863539
0.000000  0.237295  0.000000  0.762704
0.166204  0.000000  0.000000  0.833796
0.000000  0.518344  0.481655  0.000000
0.000000  0.455369  0.544631  0.000000
0.000000  0.000000  1.000000  0.000000
0.000000  0.000000  1.000000  0.000000
0.000000  0.000000  1.000000  0.000000
0.000000  0.000000  1.000000  0.000000
0.000000  0.000000  1.000000  0.000000
0.000000  0.000000  1.000000  0.000000
0.000000  0.000000  1.000000  0.000000
0.000000  0.000000  1.000000  0.000000
0.000000  0.000000  1.000000  0.000000
0.189671  0.810321  0.000000  0.000008
0.933483  0.000000  0.000000  0.066517
0.441287  0.291157  0.000000  0.267556
0.164538  0.277342  0.000000  0.558119
0.242283  0.018383  0.000000  0.739334
0.000000  0.148943  0.000000  0.851057
0.669673  0.153885  0.000000  0.176442
0.289417  0.000000  0.000000  0.710583
0.162715  0.121061  0.000000  0.716223
0.321059  0.129748  0.000000  0.549193
0.357703  0.099779  0.000000  0.542517
0.388277  0.049435  0.000000  0.562287
0.256018  0.192663  0.000000  0.551318
0.361203  0.147833  0.000000  0.490964
0.476710  0.000000  0.000000  0.523289
0.448288  0.258436  0.000000  0.293276
0.544739  0.000000  0.000000  0.455261
0.426616  0.263343  0.000000  0.310040
0.003997  0.539184  0.000000  0.456819
0.260903  0.223854  0.000000  0.515243
0.227364  0.277537  0.000000  0.495099
0.000000  0.203326  0.000000  0.796674
0.616240  0.310124  0.000000  0.073636
0.332597  0.148496  0.000000  0.518906
0.000000  0.000000  0.000000  1.000000
0.141931  0.000018  0.000000  0.858052
0.000000  0.166436  0.000000  0.833564
0.000000  0.006179  0.000000  0.993821
0.082355  0.000000  0.000000  0.917645
0.000000  0.027282  0.000000  0.972718
0.000000  0.000000  0.000000  1.000000
0.000000  0.024055  0.000000  0.975945
0.000000  0.999999  0.000000  0.000000
0.000000  0.859336  0.000000  0.140664
0.001483  0.618790  0.000000  0.379726
0.000000  0.999999  0.000000  0.000000
0.000000  1.000000  0.000000  0.000000
0.000000  1.000000  0.000000  0.000000
0.000000  1.000000  0.000000  0.000000
0.370167  0.425714  0.000000  0.204119
0.434828  0.535658  0.000000  0.029513
0.700625  0.299374  0.000000  0.000000
0.445606  0.549482  0.000000  0.004912
0.344260  0.655740  0.000000  0.000000
0.000000  0.632301  0.000000  0.367699
0.000000  0.286386  0.000000  0.713614
0.544300  0.362267  0.000000  0.093433
0.180117  0.524290  0.000000  0.295593
