0.932949  0.000000  0.000000  0.067051  0.000000
1.000000  0.000000  0.000000  0.000000  0.000000
1.000000  0.000000  0.000000  0.000000  0.000000
1.000000  0.000000  0.000000  0.000000  0.000000
1.000000  0.000000  0.000000  0.000000  0.000000
1.000000  0.000000  0.000000  0.000000  0.000000
1.000000  0.000000  0.000000  0.000000  0.000000
0.762577  0.237423  0.000000  0.000000  0.000000
0.743164  0.256835  0.000000  0.000000  0.000000
0.924725  0.000000  0.000000  0.075275  0.000000
0.919107  0.000000  0.000000  0.080893  0.000000
0.390037  0.000000  0.552326  0.057636  0.000000
0.464918  0.000000  0.526223  0.008858  0.000000
0.924261  0.000000  0.000000  0.075738  0.000000
0.159537  0.000000  0.839970  0.000493  0.000000
0.155481  0.000003  0.844516  0.000000  0.000000
0.000000  0.000000  1.000000  0.000000  0.000000
0.000140  0.000000  0.999795  0.000064  0.000000
0.000331  0.000000  0.999669  0.000000  0.000000
0.000000  0.000000  1.000000  0.000000  0.000000
0.000000  0.000000  0.998446  0.001554  0.000000
0.000000  0.000000  1.000000  0.000000  0.000000
0.000000  0.002075  0.997925  0.000000  0.000000
0.000000  0.004678  0.995322  0.000000  0.000000
0.000000  0.021584  0.978416  0.000000  0.000000
0.000294  0.023403  0.976303  0.000000  0.000000
0.000026  0.019574  0.980400  0.000000  0.000000
0.000000  0.026856  0.973144  0.000000  0.000000
0.000000  0.010093  0.989907  0.000000  0.000000
0.000000  0.000000  1.000000  0.000000  0.000000
0.000000  0.003727  0.996273  0.000000  0.000000
0.000000  0.025610  0.974390  0.000000  0.000000
0.000000  0.032811  0.967189  0.000000  0.000000
0.000000  0.010383  0.989617  0.000000  0.000000
0.000000  0.001319  0.998680  0.000000  0.000000
0.000000  0.002356  0.997644  0.000000  0.000000
0.000000  0.013433  0.986567  0.000000  0.000000
0.918941  0.000000  0.000000  0.081059  0.000000
0.669607  0.330393  0.000000  0.000000  0.000000
0.221515  0.000000  0.518143  0.000000  0.260342
0.392972  0.000000  0.607028  0.000000  0.000000
0.415732  0.000000  0.584268  0.000000  0.000000
0.193227  0.028455  0.778318  0.000000  0.000000
0.018730  0.009882  0.971388  0.000000  0.000000
0.025016  0.017155  0.957829  0.000000  0.000000
0.000442  0.066066  0.933491  0.000000  0.000000
0.000000  0.000000  1.000000  0.000000  0.000000
0.003190  0.000000  0.996809  0.000000  0.000000
0.008328  0.000000  0.991671  0.000000  0.000000
0.000000  0.000300  0.999699  0.000000  0.000000
0.000000  1.000000  0.000000  0.000000  0.000000
0.000000  1.000000  0.000000  0.000000  0.000000
0.000000  1.000000  0.000000  0.000000  0.000000
0.000000  1.000000  0.000000  0.000000  0.000000
0.000000  1.000000  0.000000  0.000000  0.000000
0.000000  0.936272  0.063424  0.000303  0.000000
0.000000  0.959457  0.000000  0.040543  0.000000
0.000000  1.000000  0.000000  0.000000  0.000000
0.000000  0.950343  0.049656  0.000000  0.000000
0.000000  0.450778  0.549222  0.000000  0.000000
0.000000  0.471627  0.497357  0.031016  0.000000
0.000000  0.375302  0.624698  0.000000  0.000000
0.000000  0.045439  0.924441  0.030119  0.000000
0.000000  0.039792  0.959960  0.000248  0.000000
0.000000  0.054543  0.945456  0.000000  0.000000
0.000000  0.000000  1.000000  0.000000  0.000000
0.000000  0.038580  0.871022  0.090398  0.000000
0.000000  0.048045  0.923248  0.028707  0.000000
0.000000  0.048930  0.945372  0.005698  0.000000
0.000000  0.050848  0.949152  0.000000  0.000000
0.000000  0.048576  0.888866  0.062558  0.000000
0.000000  0.040611  0.914884  0.044504  0.000000
0.000000  0.000000  0.937644  0.062356  0.000000
0.000000  0.000000  0.938301  0.061698  0.000000
0.000000  0.000000  1.000000  0.000000  0.000000
0.000000  0.000000  0.946690  0.053310  0.000000
0.000000  0.000000  0.912467  0.087533  0.000000
0.000000  0.000000  0.850261  0.149739  0.000000
0.000000  0.000000  1.000000  0.000000  0.000000
0.000000  0.000112  0.999888  0.000000  0.000000
0.000000  0.000000  0.897994  0.102005  0.000000
0.000000  0.000000  0.935752  0.064248  0.000000
0.000000  0.000000  0.959461  0.040539  0.000000
0.000000  0.000000  0.853756  0.146243  0.000000
0.000000  0.000000  0.985282  0.014718  0.000000
0.000000  0.000314  0.796569  0.203116  0.000000
0.000000  0.000000  1.000000  0.000000  0.000000
0.000000  0.000146  0.925641  0.074212  0.000000
0.000000  0.000000  1.000000  0.000000  0.000000
0.000000  0.000000  1.000000  0.000000  0.000000
0.000000  0.000000  0.990534  0.009466  0.000000
0.000000  0.000000  0.923869  0.076130  0.000000
0.000000  0.000024  0.938109  0.061867  0.000000
0.000000  0.000017  0.977280  0.022702  0.000000
0.000000  0.000000  0.998589  0.001410  0.000000
0.000000  0.000000  0.989654  0.010346  0.000000
0.000000  0.000000  0.962649  0.037351  0.000000
0.000000  0.000000  0.967696  0.032304  0.000000
0.000000  0.000000  0.940834  0.059166  0.000000
0.000000  0.000000  0.931104  0.068895  0.000000
0.000000  0.002748  0.958490  0.038761  0.000000
0.000000  0.000356  0.881754  0.117889  0.000000
0.000000  0.000000  0.980171  0.019829  0.000000
0.000000  0.000005  0.999995  0.000000  0.000000
0.000000  0.000000  0.990034  0.009966  0.000000
1.000000  0.000000  0.000000  0.000000  0.000000
0.687640  0.000000  0.293410  0.018950  0.000000
0.700793  0.000000  0.295245  0.003962  0.000000
0.913023  0.000000  0.000000  0.086977  0.000000
0.009193  0.000000  0.990807  0.000000  0.000000
0.000977  0.000000  0.999023  0.000000  0.000000
0.007861  0.000140  0.913567  0.078431  0.000000
0.000000  0.000000  1.000000  0.000000  0.000000
0.000000  0.000000  1.000000  0.000000  0.000000
0.000000  0.000000  1.000000  0.000000  0.000000
0.000000  0.000000  1.000000  0.000000  0.000000
0.000000  0.000000  1.000000  0.000000  0.000000
0.000000  0.000000  1.000000  0.000000  0.000000
0.000000  0.000000  0.999998  0.000002  0.000000
0.000000  0.000000  1.000000  0.000000  0.000000
0.000000  0.000003  0.999997  0.000000  0.000000
0.000000  0.338258  0.598477  0.063265  0.000000
0.000000  0.362804  0.637196  0.000000  0.000000
0.000000  0.128179  0.871821  0.000000  0.000000
0.000000  0.863799  0.000000  0.136201  0.000000
0.000000  0.000000  0.000000  0.000000  1.000000
0.000000  0.000000  0.000000  0.000000  1.000000
0.000000  0.000000  0.000000  0.000000  1.000000
0.000000  0.212805  0.787195  0.000000  0.000000
0.000000  0.000000  0.000000  1.000000  0.000000
0.000000  0.083037  0.000000  0.916963  0.000000
0.000000  0.396970  0.145416  0.457614  0.000000
0.000000  0.000000  0.000000  1.000000  0.000000
0.000000  0.000000  0.000000  0.999998  0.000000
0.000000  0.000000  0.000000  0.999999  0.000000
0.000000  0.000000  0.000000  0.999999  0.000000
0.000000  0.000000  0.401918  0.598082  0.000000
0.000000  0.000000  0.000000  1.000000  0.000000
0.000000  0.000000  0.522774  0.477226  0.000000
0.000000  0.000000  0.620098  0.379902  0.000000
0.000000  0.000000  0.000000  1.000000  0.000000
0.000000  0.326786  0.455665  0.217549  0.000000
0.000000  0.313364  0.475922  0.210714  0.000000
0.000000  0.251441  0.748559  0.000000  0.000000
0.000000  0.290394  0.709605  0.000000  0.000000
0.000000  0.266979  0.733021  0.000000  0.000000
0.000000  0.337068  0.605149  0.057783  0.000000
0.000000  0.559347  0.000000  0.440652  0.000000
0.000000  0.290278  0.702104  0.007618  0.000000
0.000000  0.274247  0.725753  0.000000  0.000000
0.000000  0.277100  0.722900  0.000000  0.000000
0.000000  0.228095  0.771904  0.000000  0.000000
0.000000  0.182391  0.702356  0.115253  0.000000
0.000000  0.135572  0.427860  0.436568  0.000000
0.000000  0.139185  0.694602  0.166213  0.000000
0.000000  0.139942  0.487420  0.372638  0.000000
0.000000  0.182322  0.554161  0.263517  0.000000
0.000000  0.153487  0.454378  0.392134  0.000000
0.000000  0.168671  0.474097  0.357232  0.000000
0.000000  0.168885  0.713361  0.117753  0.000000
0.000000  0.168393  0.580053  0.251554  0.000000
0.000000  0.172174  0.412225  0.415601  0.000000
0.000000  0.181532  0.720381  0.098087  0.000000
0.000000  0.108244  0.734142  0.157614  0.000000
0.000000  0.551954  0.386304  0.061741  0.000000
0.000000  0.072845  0.927155  0.000000  0.000000
0.000000  0.075368  0.668606  0.256026  0.000000
0.000000  0.049358  0.950642  0.000000  0.000000
0.000000  0.079186  0.814092  0.106721  0.000000
0.000000  0.042757  0.957242  0.000000  0.000000
0.000000  0.026241  0.973759  0.000000  0.000000
0.000000  0.061956  0.938044  0.000000  0.000000
0.000000  0.083353  0.544667  0.371980  0.000000
0.000000  0.072533  0.927466  0.000000  0.000000
0.000000  0.042451  0.957549  0.000000  0.000000
0.000000  0.087571  0.431184  0.481244  0.000000
0.000000  0.115403  0.697639  0.186958  0.000000
0.000000  0.311198  0.463791  0.225010  0.000000
0.000000  0.098432  0.901568  0.000000  0.000000
0.000000  0.026980  0.502822  0.470198  0.000000
0.000000  0.122858  0.877142  0.000000  0.000000
0.000000  0.000000  1.000000  0.000000  0.000000
0.000000  0.384208  0.615792  0.000000  0.000000
0.000000  0.137325  0.862675  0.000000  0.000000
0.000000  0.073296  0.926704  0.000000  0.000000
0.000000  0.115906  0.691325  0.192769  0.000000
0.000000  0.000000  0.000000  1.000000  0.000000
0.000000  0.713719  0.000000  0.286280  0.000000
0.000000  0.842148  0.000000  0.157851  0.000000
0.000000  1.000000  0.000000  0.000000  0.000000
0.000000  1.000000  0.000000  0.000000  0.000000
0.000000  1.000000  0.000000  0.000000  0.000000
0.000000  0.915788  0.000000  0.084212  0.000000
0.000000  1.000000  0.000000  0.000000  0.000000
0.000000  1.000000  0.000000  0.000000  0.000000
0.000000  1.000000  0.000000  0.000000  0.000000
0.000000  1.000000  0.000000  0.000000  0.000000
0.000000  0.025159  0.571147  0.403693  0.000000
0.000000  0.016730  0.521752  0.461519  0.000000
0.000000  0.016470  0.797408  0.186122  0.000000
0.000000  0.017622  0.624664  0.357714  0.000000
0.000000  0.475511  0.155746  0.368742  0.000000
0.000000  0.029866  0.873427  0.096707  0.000000
0.000000  0.034877  0.738870  0.226253  0.000000
0.000000  0.212267  0.787733  0.000000  0.000000
0.000000  0.140929  0.636670  0.222401  0.000000
0.000000  0.016866  0.653413  0.329721  0.000000
0.000000  0.000000  0.000000  1.000000  0.000000
0.000000  0.000000  0.000000  1.000000  0.000000
0.000000  0.000000  0.000000  1.000000  0.000000
0.000000  0.000000  0.000000  0.999999  0.000000
0.000000  0.000000  0.000000  1.000000  0.000000
0.000000  0.000000  0.000000  0.999999  0.000000
0.000000  0.000000  0.000000  0.999999  0.000000
0.485751  0.000000  0.000000  0.514248  0.000000
0.606647  0.000000  0.000000  0.393353  0.000000
0.480717  0.000000  0.000000  0.519283  0.000000
0.000000  0.937446  0.000000  0.062554  0.000000
0.000000  0.261489  0.520709  0.217802  0.000000
0.000000  0.607255  0.000000  0.392745  0.000000
0.000000  0.796003  0.000000  0.203997  0.000000
0.000000  0.994203  0.000000  0.005797  0.000000
0.000000  0.860039  0.000000  0.139961  0.000000
0.000000  0.856953  0.000000  0.143047  0.000000
0.000000  0.753919  0.000000  0.246081  0.000000
0.000000  1.000000  0.000000  0.000000  0.000000
0.000000  0.000000  0.000000  0.520499  0.479500
0.000000  0.000000  0.000000  0.457624  0.542375
0.000000  0.000000  0.000000  0.000000  1.000000
0.000000  0.000000  0.000000  0.000000  1.000000
0.000000  0.000000  0.000000  0.000000  1.000000
0.000000  0.000000  0.000000  0.000000  1.000000
0.000000  0.000000  0.000000  0.000000  1.000000
0.000000  0.000000  0.000000  0.000000  1.000000
0.000000  0.000000  0.000000  0.000000  1.000000
0.000000  0.000000  0.000000  0.000000  1.000000
0.000000  0.000000  0.000000  0.000000  1.000000
0.000000  0.152161  0.000000  0.847839  0.000000
0.000000  0.043919  0.956081  0.000000  0.000000
0.000000  0.247215  0.461374  0.291411  0.000000
0.000000  0.715196  0.000000  0.284803  0.000000
0.000000  0.799723  0.200277  0.000000  0.000000
0.000000  0.846171  0.000000  0.153829  0.000000
0.000000  0.163628  0.684412  0.151959  0.000000
0.000000  0.753564  0.246435  0.000000  0.000000
0.000000  0.750309  0.123795  0.125896  0.000000
0.000000  0.559455  0.307582  0.132962  0.000000
0.000000  0.547357  0.349918  0.102725  0.000000
0.000000  0.593306  0.357110  0.049584  0.000000
0.000000  0.800562  0.000000  0.199437  0.000000
0.000000  0.840597  0.000000  0.159403  0.000000
0.000000  0.524920  0.473977  0.001103  0.000000
0.000000  0.272676  0.468239  0.259085  0.000000
0.000000  0.465510  0.534490  0.000000  0.000000
0.000000  0.300152  0.435911  0.263937  0.000000
0.000000  0.460105  0.000000  0.539895  0.000000
0.000000  0.519098  0.252994  0.227907  0.000000
0.000000  0.498793  0.219292  0.281915  0.000000
0.000000  0.785962  0.000000  0.214038  0.000000
0.000000  0.024236  0.669008  0.306757  0.000000
0.000000  0.548161  0.302804  0.149035  0.000000
0.000000  1.000000  0.000000  0.000000  0.000000
0.000000  1.000000  0.000000  0.000000  0.000000
0.000000  0.820617  0.000000  0.179383  0.000000
0.000000  0.980128  0.000000  0.019872  0.000000
0.000000  1.000000  0.000000  0.000000  0.000000
0.000000  0.959984  0.000000  0.040016  0.000000
0.000000  1.000000  0.000000  0.000000  0.000000
0.000000  1.000000  0.000000  0.000000  0.000000
0.000000  0.000000  0.000000  0.999999  0.000000
0.000000  0.146951  0.000000  0.853048  0.000000
0.000000  0.382041  0.000000  0.617958  0.000000
0.000000  0.000000  0.000000  0.999999  0.000000
0.000000  0.000000  0.000000  1.000000  0.000000
0.000000  0.000000  0.000000  1.000000  0.000000
0.000000  0.000000  0.000000  1.000000  0.000000
0.000000  0.185779  0.388166  0.426054  0.000000
0.000000  0.014576  0.455152  0.530272  0.000000
0.000000  0.002051  0.701401  0.296549  0.000000
0.000000  0.000728  0.455606  0.543666  0.000000
0.275360  0.000000  0.000000  0.724640  0.000000
0.000000  0.360969  0.000000  0.639030  0.000000
0.000000  0.707429  0.000000  0.292571  0.000000
0.000000  0.090471  0.549133  0.360396  0.000000
0.000000  0.467202  0.000000  0.532797  0.000000
