0.000000  0.022064  0.977936  0.000000  0.000000  0.000000
0.000000  0.000000  1.000000  0.000000  0.000000  0.000000
0.000000  0.000000  1.000000  0.000000  0.000000  0.000000
0.000000  0.000000  1.000000  0.000000  0.000000  0.000000
0.000000  0.000000  1.000000  0.000000  0.000000  0.000000
0.000000  0.000000  1.000000  0.000000  0.000000  0.000000
0.000000  0.000000  0.848228  0.000000  0.151772  0.000000
0.000000  0.000000  0.814604  0.000000  0.185395  0.000000
0.000000  0.000000  0.791615  0.000000  0.208385  0.000000
0.000000  0.028229  0.925457  0.000000  0.046314  0.000000
0.000000  0.000000  0.935857  0.000000  0.064142  0.000000
0.000000  0.073477  0.926523  0.000000  0.000000  0.000000
0.000000  0.000000  1.000000  0.000000  0.000000  0.000000
0.000000  0.000000  1.000000  0.000000  0.000000  0.000000
0.000000  0.000000  0.823884  0.000000  0.000000  0.176116
0.000000  0.000000  0.970328  0.000000  0.029671  0.000000
0.000000  0.000000  0.976619  0.000000  0.023381  0.000000
0.000000  0.000000  1.000000  0.000000  0.000000  0.000000
0.000000  0.000000  1.000000  0.000000  0.000000  0.000000
0.000000  0.000000  1.000000  0.000000  0.000000  0.000000
0.000000  0.051408  0.948592  0.000000  0.000000  0.000000
0.000000  0.010809  0.901651  0.000000  0.000000  0.087539
0.000000  0.000000  0.483284  0.000000  0.000000  0.516716
0.000000  0.000000  0.803458  0.000000  0.196541  0.000000
0.000000  0.000000  0.437922  0.000000  0.014254  0.547824
0.000000  0.000000  0.526823  0.000000  0.000000  0.473177
0.000000  0.000000  0.512823  0.000000  0.041287  0.445890
0.000000  0.000000  0.522116  0.000000  0.052817  0.425067
0.000000  0.000000  0.625089  0.000000  0.073954  0.300957
0.000000  0.000000  0.823442  0.000000  0.176557  0.000000
0.000000  0.000000  0.608462  0.000000  0.053212  0.338326
0.000000  0.006728  0.665668  0.000000  0.083587  0.244016
0.000000  0.013041  0.645034  0.000000  0.089759  0.252167
0.000000  0.005170  0.833882  0.000000  0.160948  0.000000
0.000000  0.000000  0.845039  0.000000  0.110779  0.044181
0.000000  0.000000  0.778966  0.000000  0.080515  0.140519
0.000000  0.000270  0.836058  0.000000  0.163672  0.000000
0.000000  0.000000  0.887198  0.000000  0.112802  0.000000
0.000000  0.000000  0.779856  0.000000  0.220144  0.000000
0.263910  0.000000  0.736090  0.000000  0.000000  0.000000
0.000000  0.000024  0.999976  0.000000  0.000000  0.000000
0.000000  0.000000  1.000000  0.000000  0.000000  0.000000
0.000000  0.004069  0.891129  0.000000  0.104801  0.000000
0.000000  0.000000  0.802251  0.000000  0.091456  0.106293
0.000000  0.000000  0.850779  0.000000  0.133185  0.016036
0.000000  0.001668  0.807919  0.000000  0.190413  0.000000
0.000000  0.004917  0.827562  0.000000  0.167521  0.000000
0.000000  0.000000  0.909406  0.000000  0.090594  0.000000
0.000000  0.000000  0.908458  0.000000  0.091542  0.000000
0.000000  0.000000  0.896274  0.000000  0.103726  0.000000
0.000000  0.000000  0.000000  0.000000  1.000000  0.000000
0.000000  0.000000  0.000000  0.000000  1.000000  0.000000
0.000000  0.000144  0.000000  0.000000  0.999856  0.000000
0.000000  0.000000  0.000000  0.000000  1.000000  0.000000
0.000000  0.000799  0.000000  0.000000  0.999200  0.000000
0.000000  0.023289  0.000000  0.000000  0.976711  0.000000
0.000000  0.076906  0.000000  0.000000  0.923093  0.000000
0.000000  0.030024  0.000000  0.000000  0.969976  0.000000
0.000000  0.000000  0.000000  0.000000  1.000000  0.000000
0.000000  0.002481  0.210126  0.000000  0.436839  0.350553
0.000000  0.047132  0.183431  0.000000  0.449653  0.319785
0.000000  0.000000  0.291341  0.000000  0.401754  0.306905
0.000000  0.000000  0.070267  0.000000  0.000250  0.929483
0.000000  0.000000  0.100319  0.000000  0.001728  0.897953
0.000000  0.000000  0.067399  0.000000  0.000608  0.931993
0.000000  0.000000  0.096237  0.000000  0.000000  0.903762
0.000000  0.046516  0.039832  0.000000  0.001777  0.911875
0.000000  0.000000  0.055750  0.000000  0.001942  0.942307
0.000000  0.000000  0.077516  0.000000  0.000000  0.922484
0.000000  0.000000  0.068890  0.000000  0.000656  0.930454
0.000000  0.018210  0.047302  0.000000  0.002711  0.931777
0.000000  0.002200  0.045432  0.000000  0.000135  0.952233
0.000000  0.000000  0.000000  0.000000  0.000000  1.000000
0.000000  0.000000  0.000000  0.000000  0.000000  1.000000
0.000000  0.000000  0.000000  0.000000  0.000000  1.000000
0.000000  0.000000  0.000000  0.000000  0.000000  1.000000
0.000000  0.000000  0.000000  0.000000  0.000000  1.000000
0.000000  0.081843  0.000000  0.000000  0.000000  0.918157
0.000000  0.000000  0.000000  0.000000  0.000000  1.000000
0.000000  0.000000  0.000000  0.000000  0.000000  1.000000
0.000000  0.033423  0.000000  0.000000  0.000000  0.966577
0.000000  0.001692  0.000089  0.000000  0.000000  0.998218
0.000000  0.000143  0.026938  0.000000  0.000000  0.972919
0.000000  0.091563  0.001729  0.000000  0.000000  0.906707
0.000000  0.000000  0.003147  0.000000  0.000000  0.996852
0.000000  0.147566  0.000084  0.000000  0.000000  0.852349
0.000000  0.000000  0.034276  0.000000  0.000000  0.965724
0.000000  0.019009  0.015601  0.000000  0.000000  0.965390
0.000000  0.000000  0.076655  0.000000  0.000000  0.923344
0.000000  0.000000  0.150644  0.000000  0.000000  0.849355
0.000000  0.000000  0.008737  0.000000  0.000000  0.991263
0.000000  0.020337  0.015255  0.000000  0.000000  0.964408
0.000000  0.000000  0.000001  0.000000  0.000000  0.999999
0.000000  0.000000  0.003627  0.000000  0.000000  0.996373
0.000000  0.000000  0.073486  0.000000  0.000000  0.926514
0.000000  0.000000  0.003542  0.000000  0.000000  0.996458
0.000000  0.000000  0.009909  0.000000  0.000000  0.990091
0.000000  0.000000  0.000003  0.000000  0.000000  0.999996
0.000000  0.000000  0.020810  0.000000  0.000000  0.979190
0.000000  0.000000  0.000000  0.000000  0.000000  1.000000
0.000000  0.000393  0.087184  0.000000  0.000000  0.912422
0.000000  0.000000  0.000902  0.000000  0.000000  0.999097
0.000000  0.000000  0.248289  0.000000  0.000000  0.751710
0.000000  0.000000  0.251131  0.000000  0.000000  0.748869
0.000000  0.000000  0.246959  0.000000  0.000000  0.753041
0.000000  0.000000  1.000000  0.000000  0.000000  0.000000
0.000000  0.000000  1.000000  0.000000  0.000000  0.000000
0.000000  0.000000  1.000000  0.000000  0.000000  0.000000
0.000000  0.015012  0.984988  0.000000  0.000000  0.000000
0.000000  0.037047  0.958526  0.000000  0.004427  0.000000
0.000000  0.033863  0.772654  0.000000  0.000040  0.193443
0.000000  0.114066  0.763870  0.000000  0.000000  0.122063
0.000000  0.000000  0.821519  0.000000  0.000000  0.178481
0.000000  0.032065  0.967935  0.000000  0.000000  0.000000
0.000000  0.000000  1.000000  0.000000  0.000000  0.000000
0.000000  0.000000  1.000000  0.000000  0.000000  0.000000
0.000000  0.000000  1.000000  0.000000  0.000000  0.000000
0.000000  0.000000  0.702413  0.000000  0.000000  0.297586
0.000000  0.000000  0.497292  0.000000  0.000000  0.502708
0.000000  0.000000  0.458710  0.000000  0.000000  0.541290
0.000000  0.000000  0.495702  0.000000  0.000000  0.504298
0.000000  0.035858  0.000000  0.000000  0.050420  0.913722
0.000000  0.079952  0.000000  0.000000  0.123744  0.796305
0.000000  0.040964  0.000894  0.000000  0.000171  0.957971
0.000000  0.183733  0.000000  0.000000  0.816267  0.000000
1.000000  0.000000  0.000000  0.000000  0.000000  0.000000
1.000000  0.000000  0.000000  0.000000  0.000000  0.000000
1.000000  0.000000  0.000000  0.000000  0.000000  0.000000
0.000000  0.000000  0.235887  0.000000  0.184988  0.579124
0.000000  1.000000  0.000000  0.000000  0.000000  0.000000
0.000000  1.000000  0.000000  0.000000  0.000000  0.000000
0.000000  0.466786  0.000000  0.000000  0.243804  0.289410
0.000000  1.000000  0.000000  0.000000  0.000000  0.000000
0.000000  0.999998  0.000000  0.000000  0.000000  0.000000
0.000000  0.999999  0.000000  0.000000  0.000000  0.000000
0.000000  0.999999  0.000000  0.000000  0.000000  0.000000
0.000000  0.531489  0.000000  0.000000  0.000000  0.468510
0.000000  1.000000  0.000000  0.000000  0.000000  0.000000
0.000000  0.000000  0.000000  0.000000  0.000000  1.000000
0.000000  0.307840  0.002513  0.000000  0.000000  0.689646
0.000000  1.000000  0.000000  0.000000  0.000000  0.000000
0.000000  0.201647  0.000000  0.000000  0.087392  0.710961
0.000000  0.193442  0.000000  0.000000  0.094927  0.711631
0.000000  0.000000  0.000000  0.000000  0.072512  0.927488
0.000000  0.000000  0.000000  0.000000  0.084767  0.915233
0.000000  0.000000  0.003199  0.000000  0.093476  0.903325
0.000000  0.000000  0.000000  0.000000  0.088139  0.911861
0.000000  0.426730  0.000000  0.000000  0.000000  0.573270
0.000000  0.000000  0.005853  0.000000  0.141594  0.852553
0.000000  0.000000  0.016013  0.000000  0.136236  0.847751
0.000000  0.000000  0.000501  0.000000  0.080242  0.919256
0.000000  0.000000  0.060953  0.000000  0.127572  0.811474
0.000000  0.076101  0.000025  0.000000  0.032173  0.891701
0.000000  0.405191  0.000000  0.000000  0.000000  0.594809
0.000000  0.118756  0.000000  0.000000  0.000000  0.881244
0.000000  0.338309  0.000000  0.000000  0.000000  0.661691
0.000000  0.235619  0.000000  0.000000  0.000001  0.764380
0.000000  0.360087  0.000000  0.000000  0.000000  0.639912
0.000000  0.330951  0.000000  0.000000  0.000000  0.669048
0.000000  0.079227  0.000986  0.000000  0.042869  0.876918
0.000000  0.220254  0.000000  0.000000  0.000001  0.779745
0.000000  0.389606  0.000000  0.000000  0.000000  0.610394
0.000000  0.061254  0.001782  0.000000  0.050493  0.886470
0.000000  0.121602  0.000000  0.000000  0.000000  0.878397
0.000000  0.070009  0.043120  0.000000  0.473102  0.413769
0.000000  0.000000  0.113587  0.000000  0.000000  0.886413
0.000000  0.219893  0.000873  0.000000  0.000000  0.779233
0.000000  0.000000  0.088399  0.000000  0.001443  0.910158
0.000000  0.061606  0.001353  0.000000  0.002679  0.934362
0.000000  0.000000  0.128853  0.000000  0.003416  0.867730
0.000000  0.000000  0.078963  0.000000  0.000183  0.920855
0.000000  0.000000  0.159016  0.000000  0.010804  0.830180
0.000000  0.346885  0.000123  0.000000  0.001128  0.651865
0.000000  0.000000  0.068800  0.000000  0.000000  0.931200
0.000000  0.000000  0.179493  0.000000  0.008142  0.812364
0.000000  0.467690  0.000000  0.000000  0.000000  0.532310
0.000000  0.155999  0.012727  0.000000  0.027109  0.804165
0.000000  0.209794  0.000000  0.000000  0.145415  0.644791
0.000000  0.000000  0.146324  0.000000  0.035438  0.818237
0.000000  0.427153  0.000000  0.000000  0.000000  0.572846
0.000000  0.000000  0.172158  0.000000  0.070245  0.757598
0.000000  0.000000  0.198559  0.000000  0.019102  0.782338
0.000000  0.000000  0.126943  0.000000  0.324485  0.548571
0.000000  0.000000  0.058439  0.000000  0.034241  0.907320
0.000000  0.000000  0.130929  0.000000  0.016104  0.852967
0.000000  0.163768  0.012571  0.000000  0.027837  0.795823
0.000000  1.000000  0.000000  0.000000  0.000000  0.000000
0.000000  0.443399  0.000000  0.000000  0.000000  0.556601
0.000000  0.209442  0.000000  0.000000  0.790558  0.000000
0.000000  0.000000  0.000000  0.000000  1.000000  0.000000
0.000000  0.000000  0.000000  0.000000  1.000000  0.000000
0.000000  0.084310  0.000000  0.000000  0.915689  0.000000
0.000000  0.134353  0.000000  0.000000  0.865647  0.000000
0.000000  0.048286  0.000000  0.000000  0.951714  0.000000
0.000000  0.036850  0.000000  0.000000  0.963150  0.000000
0.000000  0.019493  0.000000  0.000000  0.980506  0.000000
0.000000  0.013149  0.000000  0.000000  0.986851  0.000000
0.000000  0.355040  0.000000  0.000000  0.000000  0.644960
0.000000  0.416758  0.000000  0.000000  0.000000  0.583242
0.000000  0.127745  0.000000  0.000000  0.000000  0.872255
0.000000  0.308144  0.000000  0.000000  0.000000  0.691855
0.000000  0.382125  0.000000  0.000000  0.299115  0.318760
0.000000  0.039887  0.008908  0.000000  0.000000  0.951205
0.000000  0.168854  0.000000  0.000000  0.000000  0.831145
0.000000  0.000000  0.030216  0.000000  0.087829  0.881955
0.000000  0.202318  0.047623  0.000000  0.066639  0.683419
0.000000  0.277107  0.000000  0.000000  0.000000  0.722892
0.000000  1.000000  0.000000  0.000000  0.000000  0.000000
0.000000  1.000000  0.000000  0.000000  0.000000  0.000000
0.000000  1.000000  0.000000  0.000000  0.000000  0.000000
0.000000  0.999999  0.000000  0.000000  0.000000  0.000000
0.000000  0.999999  0.000000  0.000000  0.000000  0.000000
0.000000  0.999999  0.000000  0.000000  0.000000  0.000000
0.000000  0.999999  0.000000  0.000000  0.000000  0.000000
0.000000  0.496173  0.503827  0.000000  0.000000  0.000000
0.000000  0.354626  0.645374  0.000000  0.000000  0.000000
0.000000  0.490816  0.509183  0.000000  0.000000  0.000000
0.000000  0.107735  0.000000  0.000000  0.857280  0.034985
0.000000  0.203003  0.000000  0.000000  0.000000  0.796997
0.000000  0.442499  0.000000  0.000000  0.557501  0.000000
0.000000  0.253305  0.000000  0.000000  0.746694  0.000000
0.000000  0.053713  0.000000  0.000000  0.946287  0.000000
0.000000  0.188237  0.000000  0.000000  0.805657  0.006106
0.000000  0.191439  0.000000  0.000000  0.808561  0.000000
0.000000  0.294646  0.000000  0.000000  0.705354  0.000000
0.000000  0.000000  0.000000  0.000000  0.843477  0.156522
0.444414  0.555585  0.000000  0.000000  0.000000  0.000000
0.000000  1.000000  0.000000  0.000000  0.000000  0.000000
1.000000  0.000000  0.000000  0.000000  0.000000  0.000000
1.000000  0.000000  0.000000  0.000000  0.000000  0.000000
1.000000  0.000000  0.000000  0.000000  0.000000  0.000000
1.000000  0.000000  0.000000  0.000000  0.000000  0.000000
1.000000  0.000000  0.000000  0.000000  0.000000  0.000000
1.000000  0.000000  0.000000  0.000000  0.000000  0.000000
1.000000  0.000000  0.000000  0.000000  0.000000  0.000000
1.000000  0.000000  0.000000  0.000000  0.000000  0.000000
1.000000  0.000000  0.000000  0.000000  0.000000  0.000000
0.000000  0.807093  0.000000  0.000000  0.000000  0.192906
0.000000  0.000000  0.160009  0.000000  0.004839  0.835151
0.000000  0.278477  0.000000  0.000000  0.000000  0.721523
0.000000  0.303241  0.000337  0.000000  0.477911  0.218511
0.000000  0.044531  0.000000  0.000000  0.646956  0.308513
0.000000  0.203153  0.000000  0.000000  0.796846  0.000000
0.000000  0.126789  0.030337  0.000000  0.077361  0.765513
0.000000  0.001853  0.000000  0.000000  0.653039  0.345108
0.000000  0.151891  0.000000  0.000000  0.591068  0.257041
0.000000  0.137594  0.000000  0.000000  0.379698  0.482707
0.000000  0.103721  0.000000  0.000000  0.373459  0.522819
0.000000  0.051817  0.000000  0.000000  0.405485  0.542698
0.000000  0.205285  0.000000  0.000000  0.375592  0.419123
0.000000  0.150359  0.000000  0.000000  0.328949  0.520692
0.000000  0.000201  0.000000  0.000000  0.355597  0.644201
0.000000  0.248670  0.000000  0.000000  0.000001  0.751329
0.000000  0.000000  0.000000  0.000000  0.372610  0.627390
0.000000  0.251000  0.000000  0.000000  0.139529  0.609470
0.000000  0.578932  0.000000  0.000000  0.412408  0.008660
0.000000  0.235885  0.000000  0.000000  0.343667  0.420449
0.000000  0.291949  0.000000  0.000000  0.321551  0.386499
0.000000  0.262544  0.000000  0.000000  0.737455  0.000000
0.000000  0.251489  0.000000  0.000000  0.000000  0.748510
0.000000  0.154613  0.000000  0.000000  0.365156  0.480230
0.000000  0.000000  0.000000  0.000000  1.000000  0.000000
0.000000  0.035742  0.000000  0.000000  0.964258  0.000000
0.000000  0.228079  0.000000  0.000000  0.771921  0.000000
0.000000  0.067948  0.000000  0.000000  0.932052  0.000000
0.000000  0.000000  0.000000  0.000000  1.000000  0.000000
0.000000  0.089026  0.000000  0.000000  0.910973  0.000000
0.000000  0.000000  0.000000  0.000000  1.000000  0.000000
0.000000  0.086146  0.000000  0.000000  0.913854  0.000000
0.000000  0.999999  0.000000  0.000000  0.000000  0.000000
0.000000  1.000000  0.000000  0.000000  0.000000  0.000000
0.000000  0.666300  0.000000  0.000000  0.333699  0.000000
0.000000  0.999999  0.000000  0.000000  0.000000  0.000000
0.000000  1.000000  0.000000  0.000000  0.000000  0.000000
0.000000  1.000000  0.000000  0.000000  0.000000  0.000000
0.000000  1.000000  0.000000  0.000000  0.000000  0.000000
0.000000  0.411959  0.000000  0.000000  0.000000  0.588040
0.000000  0.490002  0.000000  0.000000  0.000000  0.509998
0.000000  0.300985  0.322131  0.000000  0.000000  0.376883
0.000000  0.506498  0.000000  0.000000  0.000000  0.493501
0.000000  0.687736  0.312263  0.000000  0.000000  0.000000
0.000000  0.767266  0.000000  0.000000  0.000000  0.232734
0.000000  0.340543  0.000000  0.000000  0.659457  0.000000
0.000000  0.345549  0.033700  0.000000  0.023633  0.597118
0.000000  0.573436  0.131296  0.000000  0.295267  0.000000
