0.000000  0.000000  0.000000  0.959026  0.040974
0.000000  0.000000  0.000000  0.998073  0.001926
0.000000  0.000000  0.000000  1.000000  0.000000
0.000000  0.000000  0.000000  1.000000  0.000000
0.000000  0.000000  0.000000  1.000000  0.000000
0.000000  0.000000  0.000000  1.000000  0.000000
0.000000  0.000000  0.201780  0.798219  0.000000
0.000000  0.000000  0.234610  0.765390  0.000000
0.000000  0.000000  0.265954  0.733837  0.000209
0.000000  0.000000  0.000000  0.954229  0.045771
0.000000  0.000000  0.104056  0.872196  0.023748
0.000000  0.000000  0.000000  0.908257  0.091743
0.000000  0.000000  0.000000  0.970513  0.029486
0.000000  0.000000  0.000000  1.000000  0.000000
0.252442  0.000000  0.005945  0.741613  0.000000
0.333600  0.000000  0.000000  0.663710  0.002690
0.312127  0.000000  0.000000  0.687873  0.000000
0.000000  0.000000  0.116154  0.849321  0.034525
0.264593  0.000000  0.000000  0.735406  0.000000
0.000000  0.000000  0.000000  0.962383  0.037617
0.000000  0.000000  0.000000  0.936659  0.063341
0.000000  0.000000  0.000000  0.960061  0.039939
0.599071  0.000000  0.000000  0.400928  0.000000
0.588695  0.000000  0.000000  0.411305  0.000000
0.608426  0.000000  0.046234  0.345340  0.000000
0.486509  0.000000  0.067886  0.445604  0.000000
0.483840  0.000000  0.061708  0.454452  0.000000
0.471770  0.000000  0.076592  0.451638  0.000000
0.000000  0.000000  0.282814  0.717185  0.000000
0.334880  0.000000  0.110877  0.554243  0.000000
0.380602  0.000000  0.106027  0.513371  0.000000
0.284720  0.000000  0.136878  0.575448  0.002954
0.288164  0.000000  0.143242  0.556553  0.012042
0.272435  0.000000  0.118982  0.608583  0.000000
0.000000  0.000000  0.194602  0.805398  0.000000
0.201446  0.000000  0.116117  0.682436  0.000000
0.000000  0.000000  0.238629  0.761371  0.000000
0.000000  0.000000  0.178897  0.821103  0.000000
0.000000  0.000000  0.272456  0.727544  0.000000
0.151513  0.245965  0.000000  0.590133  0.012388
0.119428  0.000000  0.000000  0.879475  0.001097
0.000000  0.000000  0.000000  0.984841  0.015159
0.000000  0.000000  0.171722  0.828278  0.000000
0.000000  0.000000  0.192454  0.807546  0.000000
0.000000  0.000000  0.199996  0.800003  0.000000
0.000000  0.000000  0.268511  0.731488  0.000000
0.163517  0.000000  0.171677  0.664805  0.000000
0.122543  0.000000  0.105666  0.771791  0.000000
0.000000  0.000000  0.152377  0.847622  0.000000
0.000000  0.000000  0.179797  0.820203  0.000000
0.000000  0.000000  1.000000  0.000000  0.000000
0.000000  0.000000  0.936999  0.063000  0.000000
0.000000  0.000000  1.000000  0.000000  0.000000
0.000000  0.000000  1.000000  0.000000  0.000000
0.000000  0.000000  0.939943  0.060057  0.000000
0.000000  0.000000  1.000000  0.000000  0.000000
0.000000  0.000000  0.975248  0.000000  0.024751
0.000000  0.000000  0.999191  0.000000  0.000809
0.000000  0.000000  1.000000  0.000000  0.000000
0.321327  0.000000  0.494374  0.184299  0.000000
0.313460  0.000000  0.543252  0.143288  0.000000
0.299763  0.000000  0.436734  0.263502  0.000000
0.925385  0.000000  0.038158  0.035540  0.000916
0.913567  0.000000  0.021680  0.064753  0.000000
0.970142  0.000000  0.029858  0.000000  0.000000
0.932769  0.000000  0.001665  0.065566  0.000000
0.909823  0.000000  0.038391  0.013424  0.038362
0.945790  0.000000  0.035830  0.018380  0.000000
0.939091  0.000000  0.017694  0.043215  0.000000
1.000000  0.000000  0.000000  0.000000  0.000000
0.954341  0.000000  0.045659  0.000000  0.000000
0.953286  0.000000  0.024406  0.022307  0.000000
0.994340  0.000000  0.000000  0.000000  0.005660
1.000000  0.000000  0.000000  0.000000  0.000000
0.999645  0.000000  0.000000  0.000354  0.000000
1.000000  0.000000  0.000000  0.000000  0.000000
0.976308  0.000000  0.000000  0.000000  0.023691
0.926312  0.000000  0.000000  0.000000  0.073687
1.000000  0.000000  0.000000  0.000000  0.000000
1.000000  0.000000  0.000000  0.000000  0.000000
0.965376  0.000000  0.000000  0.000000  0.034623
1.000000  0.000000  0.000000  0.000000  0.000000
0.998306  0.000000  0.000013  0.000000  0.001681
0.923009  0.000000  0.000308  0.000000  0.076683
1.000000  0.000000  0.000000  0.000000  0.000000
0.883469  0.000000  0.000000  0.000000  0.116530
0.995294  0.000000  0.000000  0.004706  0.000000
0.981774  0.000000  0.000000  0.000508  0.017718
0.980824  0.000000  0.000000  0.019175  0.000000
0.904305  0.000000  0.000000  0.095695  0.000000
1.000000  0.000000  0.000000  0.000000  0.000000
0.975320  0.000000  0.000189  0.003470  0.021020
0.995129  0.000000  0.000000  0.000000  0.004871
0.999963  0.000000  0.000000  0.000000  0.000037
0.965418  0.000000  0.000000  0.034582  0.000000
0.998916  0.000000  0.000000  0.001084  0.000000
1.000000  0.000000  0.000000  0.000000  0.000000
1.000000  0.000000  0.000000  0.000000  0.000000
0.994734  0.000000  0.000000  0.005265  0.000000
1.000000  0.000000  0.000000  0.000000  0.000000
1.000000  0.000000  0.000000  0.000000  0.000000
0.947622  0.000000  0.000000  0.000000  0.052378
0.800655  0.000000  0.000000  0.195547  0.003798
0.796799  0.000000  0.000000  0.203182  0.000018
0.799988  0.000000  0.000000  0.199130  0.000882
0.000000  0.000000  0.000000  0.973493  0.026506
0.000000  0.000000  0.000000  0.984153  0.015846
0.000000  0.000000  0.000000  0.997962  0.002038
0.000000  0.000000  0.000000  0.974649  0.025351
0.000000  0.000000  0.000000  0.945583  0.054417
0.286210  0.000000  0.000000  0.682786  0.031003
0.249522  0.000000  0.000000  0.660694  0.089785
0.000000  0.000000  0.084738  0.915262  0.000000
0.000000  0.000000  0.079515  0.920485  0.000000
0.000000  0.000000  0.019221  0.980779  0.000000
0.421587  0.000000  0.000000  0.578411  0.000002
0.000000  0.000000  0.000000  0.961105  0.038895
0.432304  0.000000  0.000000  0.567696  0.000000
0.590148  0.000000  0.000558  0.409294  0.000000
0.637214  0.000000  0.000000  0.362786  0.000000
0.605637  0.000000  0.000608  0.393755  0.000000
0.788548  0.000000  0.211452  0.000000  0.000000
0.713040  0.000000  0.224282  0.000000  0.062677
0.932499  0.000000  0.033035  0.000000  0.034465
0.000000  0.000000  0.910723  0.000000  0.089277
0.461309  0.538691  0.000000  0.000000  0.000000
0.458729  0.541271  0.000000  0.000000  0.000000
0.456194  0.543805  0.000000  0.000000  0.000000
0.577719  0.000000  0.236486  0.185795  0.000000
0.000000  0.000000  0.000000  0.000000  1.000000
0.000000  0.000000  0.233130  0.000000  0.766869
0.227665  0.000000  0.413034  0.000000  0.359301
0.000000  0.000000  0.000000  0.000000  1.000000
0.000001  0.000001  0.000001  0.000001  0.999998
0.000000  0.000000  0.000000  0.000000  0.999999
0.000000  0.000000  0.000000  0.000000  0.999999
0.537282  0.000000  0.000000  0.000000  0.462717
0.000000  0.000000  0.000000  0.000000  1.000000
0.648658  0.000000  0.000000  0.000000  0.351342
0.709429  0.000000  0.000000  0.000000  0.290571
0.000000  0.000000  0.000000  0.000000  1.000000
0.603961  0.000000  0.244911  0.000000  0.151128
0.610103  0.000000  0.239836  0.000000  0.150061
0.831828  0.000000  0.166481  0.001690  0.000000
0.806848  0.000000  0.185497  0.000335  0.007320
0.809957  0.000000  0.187870  0.002172  0.000000
0.756656  0.000000  0.217265  0.000000  0.026079
0.457240  0.000000  0.213028  0.000000  0.329732
0.774555  0.000000  0.225445  0.000000  0.000000
0.781065  0.000000  0.207677  0.011258  0.000000
0.821840  0.000000  0.178063  0.000097  0.000000
0.780656  0.000000  0.194199  0.025145  0.000000
0.807155  0.000000  0.128860  0.000000  0.063985
0.588242  0.000000  0.090415  0.000000  0.321343
0.832188  0.000000  0.071142  0.000000  0.096669
0.641981  0.000000  0.093884  0.000000  0.264135
0.663213  0.000000  0.148516  0.000000  0.188271
0.614773  0.000000  0.103766  0.000000  0.281461
0.603409  0.000000  0.138353  0.000000  0.258238
0.792030  0.000000  0.141606  0.000030  0.066334
0.810561  0.000000  0.000000  0.000000  0.189438
0.567465  0.000000  0.128114  0.000000  0.304421
0.809246  0.000000  0.137703  0.000000  0.053051
0.817378  0.000000  0.090415  0.000047  0.092159
0.354273  0.000000  0.543052  0.035722  0.066952
0.869854  0.000000  0.053972  0.076174  0.000000
0.748645  0.000000  0.081138  0.000000  0.170217
0.921342  0.000000  0.022370  0.056288  0.000000
0.892373  0.000000  0.056323  0.000174  0.051131
0.880364  0.000000  0.024632  0.095004  0.000000
0.943113  0.000000  0.000000  0.056887  0.000000
0.831908  0.000000  0.041906  0.126185  0.000000
0.627019  0.000000  0.105228  0.000000  0.267753
0.955357  0.000000  0.001051  0.043591  0.000000
0.855812  0.000000  0.000000  0.144188  0.000000
0.496397  0.000000  0.142540  0.000000  0.361063
0.765910  0.000000  0.118906  0.001418  0.113766
0.563359  0.000000  0.283390  0.000000  0.153251
0.805169  0.000000  0.085321  0.109510  0.000000
0.631472  0.000000  0.015413  0.000000  0.353115
0.745468  0.000000  0.116978  0.137554  0.000000
0.789307  0.000000  0.048072  0.162620  0.000000
0.513640  0.000000  0.367889  0.118471  0.000000
0.872034  0.000000  0.098701  0.029264  0.000000
0.932411  0.000000  0.067589  0.000000  0.000000
0.751375  0.000000  0.127345  0.000688  0.120591
0.000000  0.000000  0.000000  0.000000  1.000000
0.000000  0.000000  0.786564  0.000000  0.213436
0.000000  0.000000  0.898183  0.000000  0.101816
0.000000  0.000000  1.000000  0.000000  0.000000
0.000000  0.000000  1.000000  0.000000  0.000000
0.000000  0.000000  1.000000  0.000000  0.000000
0.000000  0.000000  0.952112  0.000000  0.047887
0.000000  0.000000  1.000000  0.000000  0.000000
0.000000  0.000000  1.000000  0.000000  0.000000
0.000000  0.000000  0.995335  0.000000  0.004665
0.000000  0.000000  1.000000  0.000000  0.000000
0.686882  0.000000  0.013703  0.000000  0.299415
0.655125  0.000000  0.000000  0.000000  0.344874
0.879003  0.000000  0.000000  0.000000  0.120997
0.733611  0.000000  0.006000  0.000000  0.260389
0.249179  0.000000  0.466281  0.000000  0.284540
0.943402  0.000000  0.000000  0.004520  0.052077
0.850049  0.000000  0.000000  0.000000  0.149951
0.831705  0.000000  0.168294  0.000000  0.000000
0.680878  0.000000  0.175592  0.000000  0.143530
0.761574  0.000000  0.000000  0.000000  0.238426
0.000000  0.000000  0.000000  0.000000  1.000000
0.000000  0.000000  0.000000  0.000000  1.000000
0.000000  0.000000  0.000000  0.000000  1.000000
0.000000  0.000000  0.000000  0.000000  0.999999
0.000000  0.000000  0.000000  0.000000  0.999999
0.000000  0.000000  0.000000  0.000000  0.999999
0.000000  0.000000  0.000000  0.000000  0.999999
0.000000  0.000000  0.000000  0.560194  0.439806
0.000000  0.000000  0.000000  0.689656  0.310344
0.000000  0.000000  0.000000  0.566123  0.433876
0.000000  0.000000  0.963142  0.000000  0.036857
0.633071  0.000000  0.217481  0.000000  0.149448
0.000000  0.000000  0.702109  0.000000  0.297890
0.000000  0.000000  0.859533  0.000000  0.140467
0.000000  0.000000  1.000000  0.000000  0.000000
0.000000  0.000000  0.904941  0.000000  0.095058
0.000000  0.000000  0.902306  0.000000  0.097694
0.000000  0.000000  0.822901  0.000000  0.177098
0.000000  0.000000  1.000000  0.000000  0.000000
0.000000  0.536639  0.000000  0.000000  0.463361
0.000000  0.595004  0.000000  0.000000  0.404996
0.000000  1.000000  0.000000  0.000000  0.000000
0.000000  1.000000  0.000000  0.000000  0.000000
0.000000  1.000000  0.000000  0.000000  0.000000
0.000000  1.000000  0.000000  0.000000  0.000000
0.000000  1.000000  0.000000  0.000000  0.000000
0.000000  1.000000  0.000000  0.000000  0.000000
0.000000  1.000000  0.000000  0.000000  0.000000
0.000000  1.000000  0.000000  0.000000  0.000000
0.000000  1.000000  0.000000  0.000000  0.000000
0.341633  0.000000  0.000000  0.000000  0.658367
0.839434  0.000000  0.036381  0.124185  0.000000
0.575699  0.000000  0.211580  0.000000  0.212721
0.000000  0.000000  0.716135  0.000000  0.283865
0.232641  0.000000  0.761562  0.000000  0.005797
0.000000  0.000000  0.890386  0.000000  0.109614
0.735256  0.000000  0.176944  0.000000  0.087801
0.272115  0.000000  0.727884  0.000000  0.000000
0.181680  0.000000  0.737388  0.000000  0.080932
0.403076  0.000000  0.514930  0.000000  0.081994
0.437901  0.000000  0.500241  0.000000  0.061858
0.461327  0.000000  0.517052  0.000056  0.021564
0.341111  0.000000  0.523404  0.000000  0.135484
0.445418  0.000000  0.453057  0.000000  0.101525
0.559062  0.000000  0.440938  0.000000  0.000000
0.582658  0.000000  0.230666  0.000000  0.186676
0.565658  0.000000  0.434342  0.000000  0.000000
0.535777  0.000000  0.275552  0.000000  0.188671
0.000000  0.000000  0.493318  0.000000  0.506681
0.344228  0.000000  0.493971  0.000000  0.161801
0.315079  0.000000  0.481491  0.000000  0.203430
0.000000  0.000000  0.837297  0.000000  0.162703
0.782228  0.000000  0.000000  0.000000  0.217772
0.403533  0.000000  0.497081  0.000000  0.099385
0.000000  0.000000  1.000000  0.000000  0.000000
0.000000  0.000000  0.992265  0.000000  0.007735
0.000000  0.000000  0.881368  0.000000  0.118632
0.000000  0.000000  0.993591  0.000000  0.006409
0.000000  0.000000  0.963509  0.036491  0.000000
0.000000  0.000000  0.981406  0.000000  0.018594
0.000000  0.000000  1.000000  0.000000  0.000000
0.000000  0.000000  0.982852  0.000000  0.017148
0.000000  0.000000  0.000000  0.000000  0.999999
0.000000  0.000000  0.272943  0.000000  0.727057
0.000000  0.000000  0.482625  0.000000  0.517374
0.000000  0.000000  0.000000  0.000000  0.999999
0.139444  0.000000  0.000000  0.000000  0.860556
0.133111  0.000000  0.000000  0.000000  0.866889
0.000000  0.000000  0.000000  0.000000  1.000000
0.494818  0.000000  0.185134  0.000000  0.320048
0.592933  0.000000  0.000000  0.000000  0.407067
0.481703  0.000000  0.064647  0.224192  0.229458
0.569610  0.000000  0.007529  0.000000  0.422860
0.047784  0.000000  0.000000  0.369951  0.582264
0.000000  0.000000  0.487676  0.000000  0.512324
0.000000  0.000000  0.779506  0.000000  0.220493
0.583595  0.000000  0.159515  0.000000  0.256890
0.133954  0.000000  0.442101  0.000000  0.423945
0.000000  0.000000  0.000000  0.000000  0.999999
0.000000  0.000000  0.000000  0.000000  0.999999
0.000000  0.000000  0.000000  0.000000  0.999999
0.000000  0.000000  0.000000  0.000000  0.999999
0.000000  0.000000  0.000000  0.000000  0.999999
0.000000  0.000000  0.000000  0.000000  0.999999
0.000000  0.000000  0.000000  0.000000  0.999999
0.000000  0.000000  0.000000  0.000000  0.999999
0.000000  0.000000  0.000000  0.000000  0.999999
0.000000  0.000000  0.000000  0.000000  0.999999
0.000000  0.000000  0.000000  0.000000  0.999999
0.000000  0.000000  0.000000  0.000000  0.999999
0.512073  0.000000  0.098060  0.226589  0.163277
0.000000  0.000000  0.000000  0.000000  0.999999
0.000000  0.000000  0.000000  0.000000  0.999999
0.000000  0.000000  0.000000  0.000000  0.999999
0.000000  0.000000  0.000000  0.000000  0.999999
0.000000  0.000000  0.000000  0.000000  0.999999
0.000000  0.000000  0.000000  0.000000  0.999999
0.000000  0.000000  0.000000  0.000000  0.999999
0.000000  0.000000  0.000000  0.000000  0.999999
0.000000  0.000000  0.000000  0.000000  0.999999
0.000000  0.000000  0.000000  0.000000  0.999999
0.000000  0.000000  0.275062  0.000000  0.724937
0.000000  0.000000  0.000000  0.000000  0.999999
