0.928086  0.000000  0.000000  0.000000  0.071914
1.000000  0.000000  0.000000  0.000000  0.000000
0.987576  0.000000  0.000000  0.000000  0.012423
0.987046  0.000000  0.000000  0.000000  0.012954
1.000000  0.000000  0.000000  0.000000  0.000000
0.999999  0.000000  0.000000  0.000000  0.000000
0.713978  0.000000  0.286022  0.000000  0.000000
0.673137  0.000000  0.312481  0.000000  0.014382
0.653874  0.000000  0.308559  0.000000  0.037567
0.793396  0.000000  0.144179  0.000000  0.062425
0.770925  0.000000  0.168805  0.000000  0.060270
0.622282  0.000000  0.308223  0.000000  0.069494
0.716336  0.000000  0.283664  0.000000  0.000000
0.944021  0.000000  0.000000  0.000000  0.055979
0.448116  0.000000  0.551884  0.000000  0.000000
0.430320  0.000000  0.569679  0.000000  0.000000
0.321248  0.000000  0.678752  0.000000  0.000000
0.314517  0.000000  0.685482  0.000000  0.000000
0.359158  0.000000  0.640842  0.000000  0.000000
0.344371  0.000000  0.655629  0.000000  0.000000
0.310150  0.000000  0.686251  0.000000  0.003600
0.343057  0.000000  0.656943  0.000000  0.000000
0.189224  0.000000  0.810776  0.000000  0.000000
0.193666  0.000000  0.806334  0.000000  0.000000
0.159705  0.000000  0.840295  0.000000  0.000000
0.202053  0.000000  0.797947  0.000000  0.000000
0.196902  0.000000  0.803098  0.000000  0.000000
0.205789  0.000000  0.794211  0.000000  0.000000
0.159759  0.000000  0.840241  0.000000  0.000000
0.174240  0.000000  0.825759  0.000000  0.000000
0.163221  0.000000  0.836779  0.000000  0.000000
0.208419  0.000000  0.791581  0.000000  0.000000
0.191213  0.000000  0.808787  0.000000  0.000000
0.235588  0.000000  0.764412  0.000000  0.000000
0.283626  0.000000  0.716374  0.000000  0.000000
0.268766  0.000000  0.731234  0.000000  0.000000
0.239276  0.000000  0.760724  0.000000  0.000000
0.611722  0.000000  0.388278  0.000000  0.000000
0.582922  0.000000  0.402264  0.000000  0.014814
0.416988  0.241031  0.336038  0.000000  0.005944
1.000000  0.000000  0.000000  0.000000  0.000000
0.674039  0.000000  0.321151  0.000000  0.004810
0.429261  0.000000  0.570739  0.000000  0.000000
0.317353  0.000000  0.682647  0.000000  0.000000
0.322836  0.000000  0.677164  0.000000  0.000000
0.263092  0.000000  0.736907  0.000000  0.000000
0.251238  0.000000  0.748762  0.000000  0.000000
0.334910  0.000000  0.665090  0.000000  0.000000
0.343635  0.000000  0.656365  0.000000  0.000000
0.295885  0.000000  0.704114  0.000000  0.000000
0.000000  0.000000  1.000000  0.000000  0.000000
0.000000  0.000000  1.000000  0.000000  0.000000
0.000000  0.000000  0.968435  0.000000  0.031565
0.000000  0.000000  1.000000  0.000000  0.000000
0.000000  0.000000  0.999999  0.000000  0.000000
0.000000  0.000000  0.942727  0.000000  0.057273
0.000000  0.000000  0.886741  0.000000  0.113259
0.000000  0.000000  0.914138  0.000000  0.085862
0.000000  0.000000  1.000000  0.000000  0.000000
0.002746  0.000000  0.997254  0.000000  0.000000
0.000166  0.000000  0.951763  0.000000  0.048071
0.028662  0.000000  0.971338  0.000000  0.000000
0.004024  0.000000  0.995976  0.000000  0.000000
0.014535  0.000000  0.985465  0.000000  0.000000
0.004677  0.000000  0.995323  0.000000  0.000000
0.011924  0.000000  0.988076  0.000000  0.000000
0.001285  0.000000  0.950255  0.000000  0.048459
0.001938  0.000000  0.998062  0.000000  0.000000
0.006248  0.000000  0.993752  0.000000  0.000000
0.004729  0.000000  0.995270  0.000000  0.000000
0.001653  0.000000  0.975388  0.000000  0.022958
0.001882  0.000000  0.998117  0.000000  0.000000
0.000000  0.000000  0.983985  0.000000  0.016015
0.000105  0.000000  0.984031  0.000000  0.015864
0.000783  0.000000  0.999216  0.000000  0.000000
0.000005  0.000000  0.995714  0.000000  0.004281
0.000000  0.000000  0.960514  0.000000  0.039486
0.000000  0.000000  0.901203  0.000000  0.098796
0.002616  0.000000  0.997384  0.000000  0.000000
0.014917  0.000000  0.985083  0.000000  0.000000
0.000000  0.000000  0.945593  0.000000  0.054407
0.000000  0.000000  0.981439  0.000000  0.018561
0.007758  0.000000  0.992241  0.000000  0.000000
0.000183  0.000000  0.899060  0.000000  0.100757
0.002036  0.000000  0.997964  0.000000  0.000000
0.000000  0.000000  0.845284  0.000000  0.154716
0.019736  0.000000  0.980264  0.000000  0.000000
0.004097  0.000000  0.962905  0.000000  0.032998
0.026689  0.000000  0.973311  0.000000  0.000000
0.071104  0.000000  0.928896  0.000000  0.000000
0.003872  0.000000  0.996128  0.000000  0.000000
0.002349  0.000000  0.964226  0.000000  0.033425
0.000000  0.000000  1.000000  0.000000  0.000000
0.001223  0.000000  0.998777  0.000000  0.000000
0.026854  0.000000  0.973146  0.000000  0.000000
0.001243  0.000000  0.998757  0.000000  0.000000
0.002686  0.000000  0.997313  0.000000  0.000000
0.000093  0.000000  0.999906  0.000000  0.000000
0.005926  0.000000  0.977150  0.000000  0.016924
0.000000  0.000000  0.977128  0.000000  0.022872
0.025756  0.000000  0.973811  0.000000  0.000432
0.000364  0.000000  0.927714  0.000000  0.071921
0.123512  0.000000  0.876411  0.000000  0.000077
0.133048  0.000000  0.866952  0.000000  0.000000
0.128340  0.000000  0.871659  0.000000  0.000000
0.951976  0.000000  0.000000  0.000000  0.048024
0.933681  0.000000  0.009262  0.000000  0.057056
0.959804  0.000000  0.000000  0.000000  0.040196
0.930570  0.000000  0.000000  0.000000  0.069430
0.378610  0.000000  0.621390  0.000000  0.000000
0.354978  0.000000  0.632385  0.000000  0.012637
0.352428  0.000000  0.563525  0.000000  0.084048
0.314368  0.000000  0.685631  0.000000  0.000000
0.312317  0.000000  0.687682  0.000000  0.000000
0.367966  0.000000  0.632033  0.000000  0.000000
0.283424  0.000000  0.716575  0.000000  0.000000
0.292847  0.000000  0.707153  0.000000  0.000000
0.293827  0.000000  0.706173  0.000000  0.000000
0.228921  0.000000  0.771079  0.000000  0.000000
0.210926  0.000000  0.789073  0.000000  0.000000
0.236989  0.000000  0.762955  0.000000  0.000056
0.000000  0.000000  0.952015  0.000000  0.047985
0.000000  0.000000  0.914167  0.000000  0.085832
0.000000  0.000000  1.000000  0.000000  0.000000
0.000000  0.000000  0.748470  0.000000  0.251530
0.439974  0.560026  0.000000  0.000000  0.000000
0.434701  0.565299  0.000000  0.000000  0.000000
0.442943  0.557057  0.000000  0.000000  0.000000
0.038717  0.000000  0.961283  0.000000  0.000000
0.000000  0.000000  0.000000  0.000000  1.000000
0.000000  0.000000  0.000000  0.000000  1.000000
0.000000  0.000000  0.565767  0.000000  0.434233
0.000000  0.000000  0.000000  0.000000  1.000000
0.000000  0.000000  0.000000  0.000000  0.999998
0.000000  0.000000  0.000000  0.000000  0.999999
0.000000  0.000000  0.000000  0.000000  0.999999
0.000000  0.000000  0.492838  0.000000  0.507162
0.000000  0.000000  0.000000  0.000000  1.000000
0.000000  0.000000  0.613987  0.000000  0.386013
0.004424  0.000000  0.696306  0.000000  0.299270
0.000000  0.000000  0.000000  0.000000  1.000000
0.000001  0.000000  0.000000  0.000000  0.999999
0.000000  0.000000  0.794952  0.000000  0.205048
0.000000  0.000000  0.808147  0.000000  0.191852
0.000000  0.000000  1.000000  0.000000  0.000000
0.000000  0.000000  1.000000  0.000000  0.000000
0.000000  0.000000  1.000000  0.000000  0.000000
0.000000  0.000000  0.957409  0.000000  0.042591
0.000000  0.000000  0.594648  0.000000  0.405351
0.000000  0.000000  1.000000  0.000000  0.000000
0.000000  0.000000  1.000000  0.000000  0.000000
0.000000  0.000000  1.000000  0.000000  0.000000
0.000572  0.000000  0.999428  0.000000  0.000000
0.000000  0.000000  0.920740  0.000000  0.079259
0.000000  0.000000  0.616725  0.000000  0.383275
0.000000  0.000000  0.882104  0.000000  0.117896
0.000000  0.000000  0.678352  0.000000  0.321648
0.000000  0.000000  0.776727  0.000000  0.223273
0.000000  0.000000  0.658989  0.000000  0.341011
0.000000  0.000000  0.687601  0.000000  0.312399
0.000000  0.000000  0.919174  0.000000  0.080825
0.000000  0.000000  0.789977  0.000000  0.210023
0.000000  0.000000  0.632363  0.000000  0.367636
0.000000  0.000000  0.936445  0.000000  0.063555
0.000000  0.000000  0.000000  0.000000  0.999999
0.000000  0.000000  0.879012  0.000000  0.120987
0.000000  0.000000  0.920947  0.000000  0.079053
0.013895  0.000000  0.986105  0.000000  0.000000
0.000000  0.000000  0.787569  0.000000  0.212431
0.009331  0.000000  0.990669  0.000000  0.000000
0.000000  0.000000  0.931598  0.000000  0.068402
0.025672  0.000000  0.974327  0.000000  0.000000
0.008391  0.000000  0.991608  0.000000  0.000000
0.037274  0.000000  0.962726  0.000000  0.000000
0.000000  0.000000  0.672863  0.000000  0.327137
0.002168  0.000000  0.997832  0.000000  0.000000
0.043206  0.000000  0.956793  0.000000  0.000000
0.000000  0.000000  0.564477  0.000000  0.435522
0.000000  0.000000  0.849224  0.000000  0.150776
0.000000  0.000000  0.792836  0.000000  0.207163
0.022171  0.000000  0.977828  0.000001  0.000000
0.000000  0.000000  0.592747  0.000000  0.407253
0.026733  0.000000  0.973267  0.000000  0.000000
0.049385  0.000000  0.950614  0.000000  0.000000
0.015532  0.000000  0.984468  0.000000  0.000000
0.000000  0.000000  1.000000  0.000000  0.000000
0.016475  0.000000  0.983525  0.000000  0.000000
0.000000  0.000000  0.842184  0.000000  0.157816
0.000000  0.000000  0.000000  0.000000  1.000000
0.000000  0.000000  0.000000  0.000000  0.999999
0.000000  0.000000  0.621231  0.000000  0.378769
0.000000  0.000000  0.739403  0.000000  0.260597
0.000000  0.000000  0.904270  0.000000  0.095729
0.000000  0.000000  1.000000  0.000000  0.000000
0.000000  0.000000  0.854937  0.000000  0.145063
0.000000  0.000000  0.799354  0.000000  0.200646
0.000000  0.000000  0.881555  0.000000  0.118445
0.000000  0.000000  0.894044  0.000000  0.105956
0.000000  0.000000  1.000000  0.000000  0.000000
0.000000  0.000000  0.939830  0.000000  0.060170
0.000000  0.000000  0.000000  0.000000  0.999999
0.000000  0.000000  0.657515  0.000000  0.342485
0.000000  0.000000  0.602596  0.000000  0.397404
0.000000  0.000000  0.869163  0.000000  0.130836
0.000000  0.000000  0.702895  0.000000  0.297105
0.000000  0.000000  0.631642  0.000000  0.368358
0.000411  0.000000  0.952402  0.000000  0.047187
0.000000  0.000000  0.830200  0.000000  0.169799
0.000046  0.000000  0.999954  0.000000  0.000000
0.000035  0.000000  0.809506  0.000000  0.190458
0.000000  0.000000  0.731255  0.000000  0.268745
0.000000  0.000000  0.000000  0.000000  1.000000
0.000000  0.000000  0.000000  0.000000  1.000000
0.000000  0.000000  0.000000  0.000000  1.000000
0.000000  0.000000  0.000000  0.000000  0.999999
0.000000  0.000000  0.000000  0.000000  1.000000
0.000000  0.000000  0.000000  0.000000  0.999999
0.000000  0.000000  0.000000  0.000000  0.999999
0.505995  0.000000  0.000000  0.000000  0.494005
0.630322  0.000000  0.000000  0.000000  0.369677
0.508711  0.000000  0.000000  0.000000  0.491288
0.000000  0.000000  0.000000  0.000000  0.999999
0.000000  0.000000  0.870157  0.000000  0.129842
0.000000  0.000000  0.808072  0.000000  0.191927
0.000000  0.000000  0.547310  0.000000  0.452690
0.000000  0.000000  0.724459  0.000000  0.275540
0.000000  0.000000  0.922616  0.000000  0.077383
0.000000  0.000000  0.793345  0.000000  0.206655
0.000000  0.000000  0.789014  0.000000  0.210986
0.000000  0.000000  0.689121  0.000000  0.310878
0.000000  0.000000  1.000000  0.000000  0.000000
0.000000  0.486142  0.000000  0.000000  0.513858
0.000000  0.546862  0.000000  0.000000  0.453137
0.000000  1.000000  0.000000  0.000000  0.000000
0.000000  1.000000  0.000000  0.000000  0.000000
0.000000  1.000000  0.000000  0.000000  0.000000
0.000000  1.000000  0.000000  0.000000  0.000000
0.000000  1.000000  0.000000  0.000000  0.000000
0.000000  1.000000  0.000000  0.000000  0.000000
0.000000  1.000000  0.000000  0.000000  0.000000
0.000000  1.000000  0.000000  0.000000  0.000000
0.000000  1.000000  0.000000  0.000000  0.000000
0.193342  0.000000  0.000000  0.000000  0.806657
0.000000  0.000000  0.000000  0.000000  0.999998
0.034122  0.000000  0.965878  0.000000  0.000000
0.000000  0.000000  0.739558  0.000000  0.260442
0.000000  0.000000  0.698005  0.000000  0.301995
0.000000  0.000000  0.928416  0.000000  0.071584
0.000000  0.000000  0.791375  0.000000  0.208625
0.000000  0.000000  0.876797  0.000000  0.123202
0.000000  0.000000  0.972818  0.000000  0.027182
0.000000  0.000000  0.831878  0.000000  0.168122
0.000000  0.000000  0.000002  0.000000  0.999998
0.000000  0.000000  0.852186  0.000000  0.147813
0.000000  0.000000  0.883770  0.000000  0.116230
0.000000  0.000000  0.930481  0.000000  0.069519
0.000000  0.000000  0.787954  0.000000  0.212046
0.000000  0.000000  0.843576  0.000000  0.156423
0.000000  0.000000  1.000000  0.000000  0.000000
0.000000  0.000000  0.766738  0.000000  0.233262
0.000000  0.000000  1.000000  0.000000  0.000000
0.000000  0.000000  0.757339  0.000000  0.242661
0.000000  0.000000  0.455013  0.000000  0.544986
0.000000  0.000000  0.762053  0.000000  0.237947
0.000000  0.000000  0.711825  0.000000  0.288174
0.000000  0.000000  0.698651  0.000000  0.301349
0.000000  0.000000  0.753993  0.000000  0.246007
0.000000  0.000000  0.836889  0.000000  0.163111
0.000000  0.000000  1.000000  0.000000  0.000000
0.000000  0.000000  0.999999  0.000000  0.000000
0.000000  0.000000  0.720993  0.000000  0.279007
0.000000  0.000000  0.865037  0.000000  0.134962
0.000000  0.000000  1.000000  0.000000  0.000000
0.000000  0.000000  0.846942  0.000000  0.153057
0.000000  0.000000  0.922484  0.000000  0.077516
0.000000  0.000000  0.848247  0.000000  0.151753
0.000000  0.000000  0.000000  0.000000  0.999999
0.000000  0.000000  0.192746  0.000000  0.807254
0.000000  0.000000  0.393291  0.000000  0.606708
0.000000  0.000000  0.000000  0.000000  0.999999
0.000000  0.000000  0.000000  0.000000  1.000000
0.046117  0.000000  0.000000  0.000000  0.953883
0.000000  0.000000  0.000000  0.000000  1.000000
0.000000  0.000000  0.615689  0.000000  0.384311
0.000000  0.000000  0.538168  0.000000  0.461832
0.105424  0.000000  0.629014  0.000000  0.265562
0.000000  0.000000  0.522217  0.000000  0.477782
0.325558  0.000000  0.000000  0.000000  0.674442
0.000000  0.000000  0.325763  0.000000  0.674237
0.000000  0.000000  0.669466  0.000000  0.330534
0.000000  0.000000  0.681213  0.000000  0.318786
0.003853  0.000000  0.477322  0.000000  0.518826
0.000000  0.000000  0.000000  0.562261  0.437738
0.000000  0.000000  0.000000  0.999999  0.000000
0.000000  0.000000  0.000000  0.999999  0.000000
0.000000  0.000000  0.000000  0.717036  0.282963
0.000000  0.000000  0.000000  0.656586  0.343413
0.000000  0.000000  0.000000  0.588567  0.411432
0.000000  0.000000  0.000000  0.999999  0.000000
0.000000  0.000000  0.000000  0.580037  0.419962
0.000000  0.000000  0.000000  0.428557  0.571442
0.000000  0.000000  0.000000  0.304465  0.695534
0.000000  0.000000  0.000000  0.521578  0.478421
0.000000  0.000000  0.000000  0.000000  0.999999
0.123244  0.000000  0.733412  0.143344  0.000000
0.000000  0.000000  0.000000  0.999999  0.000000
0.000000  0.000000  0.000000  0.782935  0.217064
0.000000  0.000000  0.000000  0.999999  0.000000
0.000000  0.000000  0.000000  0.999999  0.000000
0.000000  0.000000  0.000000  0.999999  0.000000
0.000000  0.000000  0.000000  0.999999  0.000000
0.000000  0.000000  0.000000  0.999999  0.000000
0.000000  0.000000  0.000000  0.999999  0.000000
0.000000  0.000000  0.000000  0.999999  0.000000
0.000000  0.000000  0.000000  0.999999  0.000000
0.000000  0.000000  0.246180  0.753820  0.000000
0.000000  0.000000  0.000000  0.999999  0.000000
