0.121407  0.000001  0.878592
0.142756  0.000001  0.857243
0.000001  0.234569  0.765431
0.045737  0.954262  0.000000
0.000000  0.999999  0.000000
0.000000  0.999999  0.000000
0.000000  0.999999  0.000000
0.000000  0.999999  0.000000
0.000000  0.999999  0.000000
0.000000  0.999999  0.000000
0.000000  0.968603  0.031397
0.000000  0.999999  0.000000
0.000000  0.999999  0.000000
0.000000  0.999999  0.000000
0.102502  0.897498  0.000000
0.037201  0.962799  0.000000
0.022834  0.977166  0.000000
0.013183  0.539150  0.447668
0.000000  0.528246  0.471754
0.000000  0.428900  0.571099
0.000000  0.430081  0.569919
0.000000  0.456099  0.543901
0.000000  0.509210  0.490789
0.000010  0.455442  0.544548
0.000000  0.508312  0.491688
0.000000  0.257262  0.742737
0.000000  0.273569  0.726431
0.000000  0.262833  0.737167
0.000000  0.254663  0.745336
0.000000  0.215482  0.784518
0.000000  0.258830  0.741169
0.000000  0.254349  0.745650
0.000000  0.253633  0.746367
0.000000  0.256857  0.743143
0.193217  0.000001  0.806782
0.000000  0.300371  0.699628
0.000000  0.278984  0.721016
0.000000  0.323584  0.676416
0.000000  0.388170  0.611829
0.000000  0.363332  0.636668
0.000000  0.342291  0.657708
0.000000  0.999999  0.000000
0.000000  0.825621  0.174379
0.000000  0.999999  0.000000
0.000000  0.999999  0.000000
0.000000  0.538565  0.461434
0.000000  0.402699  0.597301
0.000000  0.437601  0.562398
0.000000  0.419086  0.580914
0.000000  0.354102  0.645897
0.000000  0.458073  0.541927
0.000000  0.432336  0.567663
0.000000  0.427971  0.572028
0.000000  0.001184  0.998816
0.000000  0.005420  0.994580
0.000000  0.004517  0.995482
0.000000  0.003164  0.996836
0.000000  0.003665  0.996335
0.000000  0.004112  0.995888
0.000000  0.000054  0.999945
0.000000  0.002035  0.997964
0.000000  0.013047  0.986953
0.000000  0.080230  0.919770
0.000000  0.064621  0.935378
0.000000  0.104979  0.895021
0.000000  0.023659  0.976340
0.000000  0.030646  0.969354
0.000000  0.011267  0.988732
0.000000  0.023316  0.976683
0.000000  0.028213  0.971786
0.000000  0.006343  0.993657
0.000000  0.016397  0.983603
0.000000  0.011516  0.988484
0.000000  0.024457  0.975543
0.000000  0.014917  0.985082
0.001262  0.000567  0.998171
0.000000  0.022602  0.977398
0.000000  0.009045  0.990955
0.000000  0.013501  0.986498
0.006701  0.001491  0.991808
0.000000  0.001128  0.998871
0.000000  0.005521  0.994478
0.000000  0.025209  0.974791
0.000000  0.009293  0.990706
0.001248  0.007464  0.991288
0.000000  0.097610  0.902390
0.007699  0.041711  0.950590
0.000000  0.087498  0.912501
0.035052  0.035582  0.929366
0.000000  0.066808  0.933192
0.000000  0.095135  0.904865
0.000000  0.079752  0.920248
0.000000  0.109284  0.890715
0.000000  0.078050  0.921950
0.000000  0.042153  0.957847
0.000000  0.005903  0.994096
0.000000  0.010791  0.989208
0.000000  0.050545  0.949455
0.000000  0.009506  0.990494
0.000000  0.045886  0.954113
0.000000  0.016209  0.983791
0.002301  0.049389  0.948310
0.000000  0.000269  0.999731
0.000000  0.075411  0.924589
0.000000  0.031393  0.968606
0.000067  0.179001  0.820931
0.000000  0.167697  0.832303
0.000000  0.149923  0.850077
0.000000  0.126841  0.873158
0.000000  0.999999  0.000000
0.000000  0.999999  0.000000
0.000000  0.999999  0.000000
0.000000  0.999999  0.000000
0.000000  0.524042  0.475958
0.000000  0.455329  0.544670
0.000000  0.493056  0.506943
0.000000  0.397019  0.602981
0.000000  0.417966  0.582034
0.000000  0.429992  0.570008
0.000000  0.363722  0.636277
0.000000  0.392392  0.607607
0.000000  0.378893  0.621106
0.000000  0.281544  0.718456
0.000000  0.296039  0.703961
0.000000  0.332486  0.667513
0.000000  0.000000  0.999999
0.061495  0.000000  0.938505
0.000000  0.000000  0.999999
0.033006  0.000001  0.966993
0.140939  0.000002  0.859059
0.024919  0.000001  0.975080
0.016341  0.082600  0.901060
0.148943  0.105103  0.745954
0.251657  0.748342  0.000001
0.385587  0.614412  0.000001
0.123616  0.876383  0.000001
0.653273  0.346727  0.000001
0.252586  0.747413  0.000001
0.999999  0.000001  0.000001
0.628987  0.000001  0.371012
0.245594  0.000001  0.754405
0.773949  0.000001  0.226050
0.999999  0.000000  0.000000
0.999999  0.000000  0.000000
0.999999  0.000000  0.000000
0.999999  0.000000  0.000000
0.999999  0.000000  0.000000
0.999999  0.000000  0.000000
0.999999  0.000000  0.000000
0.999999  0.000000  0.000000
0.999999  0.000000  0.000000
0.999999  0.000000  0.000000
0.999999  0.000000  0.000000
0.999999  0.000000  0.000000
0.419172  0.000000  0.580827
0.999999  0.000001  0.000001
0.319484  0.000000  0.680515
0.324882  0.000000  0.675118
0.447972  0.000000  0.552028
0.102729  0.000001  0.897270
0.026442  0.000000  0.973557
0.000000  0.000000  0.999999
0.008549  0.000000  0.991451
0.038448  0.000000  0.961552
0.110666  0.000001  0.889333
0.000000  0.000000  0.999999
0.000000  0.000000  0.999999
0.000000  0.000000  0.999999
0.000000  0.000000  0.999999
0.110274  0.000001  0.889725
0.071423  0.000000  0.928577
0.100900  0.000001  0.899100
0.096178  0.000000  0.903821
0.099410  0.000001  0.900589
0.140001  0.000001  0.859999
0.065031  0.000002  0.934967
0.081727  0.000000  0.918272
0.182950  0.000001  0.817049
0.058061  0.000000  0.941939
0.000001  0.000001  0.999999
0.098562  0.000000  0.901437
0.000000  0.000410  0.999590
0.066783  0.000060  0.933157
0.000000  0.021824  0.978176
0.000000  0.000048  0.999951
0.000000  0.036626  0.963374
0.000000  0.004379  0.995621
0.000000  0.027267  0.972732
0.108072  0.000001  0.891928
0.000000  0.007479  0.992521
0.006122  0.010941  0.982936
0.069421  0.000001  0.930578
0.000000  0.032795  0.967204
0.142750  0.000001  0.857250
0.000000  0.000407  0.999593
0.000000  0.046847  0.953152
0.000000  0.029884  0.970116
0.000000  0.053772  0.946228
0.000000  0.001952  0.998048
0.000000  0.022846  0.977154
0.000001  0.004875  0.995124
0.999999  0.000000  0.000000
0.999999  0.000000  0.000000
0.999999  0.000000  0.000000
0.017987  0.000001  0.982012
0.000001  0.000001  0.999999
0.000000  0.000000  0.999999
0.000000  0.000000  0.999999
0.000001  0.000001  0.999999
0.000001  0.000001  0.999999
0.000001  0.000001  0.999999
0.000001  0.000001  0.999999
0.046577  0.000000  0.953423
0.000000  0.000000  0.999999
0.999998  0.000001  0.000001
0.803115  0.000004  0.196881
0.770535  0.000001  0.229464
0.746439  0.024979  0.228581
0.758704  0.000002  0.241295
0.124625  0.000001  0.875375
0.135241  0.000001  0.864758
0.083009  0.000237  0.916754
0.128228  0.000001  0.871772
0.093029  0.000001  0.906970
0.065134  0.000336  0.934530
0.114744  0.000000  0.885256
0.011675  0.000000  0.988325
0.000001  0.060186  0.939814
0.129422  0.000001  0.870577
0.000001  0.000001  0.999999
0.065429  0.000001  0.934571
0.000001  0.000001  0.999998
0.046371  0.000001  0.953628
0.000000  0.000000  0.999999
0.000001  0.000001  0.999999
0.000001  0.000001  0.999999
0.015544  0.000001  0.984455
0.000000  0.000000  0.999999
0.320102  0.116524  0.563374
0.999999  0.000000  0.000000
0.999999  0.000000  0.000000
0.999999  0.000000  0.000000
0.999999  0.000000  0.000000
0.999999  0.000000  0.000000
0.999999  0.000000  0.000000
0.999999  0.000000  0.000000
0.999999  0.000000  0.000000
0.999999  0.000000  0.000000
0.999999  0.000000  0.000000
0.999999  0.000000  0.000000
0.868676  0.000000  0.131324
0.999999  0.000000  0.000000
0.000000  0.061327  0.938673
0.133667  0.000001  0.866332
0.000000  0.000000  0.999999
0.000001  0.000001  0.999999
0.115150  0.000001  0.884849
0.000001  0.008555  0.991444
0.000000  0.000000  0.999999
0.030127  0.000001  0.969873
0.000001  0.000001  0.999999
0.021145  0.000000  0.978854
0.022555  0.000000  0.977445
0.035110  0.000001  0.964890
0.032281  0.000001  0.967719
0.000000  0.000000  0.999999
0.102509  0.000001  0.897490
0.000000  0.000000  0.999999
0.077975  0.000001  0.922025
0.000001  0.000001  0.999999
0.033716  0.000001  0.966284
0.551592  0.000001  0.448408
0.320231  0.000001  0.679768
0.823850  0.000001  0.176149
0.766286  0.000001  0.233714
0.107288  0.000001  0.892711
0.000001  0.000001  0.999999
0.000000  0.000000  0.999999
0.000000  0.000000  0.999999
0.000001  0.000001  0.999998
0.000001  0.000001  0.999999
0.000000  0.000000  0.999999
0.000001  0.000001  0.999999
0.000000  0.000000  0.999999
0.000001  0.000001  0.999999
0.999999  0.000001  0.000001
