0.000000  0.000000  0.913844  0.086155  0.000000
0.000000  0.000000  0.999999  0.000000  0.000000
0.000000  0.000000  0.999999  0.000000  0.000000
0.000000  0.000000  0.999999  0.000000  0.000000
0.000000  0.000000  0.982139  0.017860  0.000000
0.000000  0.000000  0.999999  0.000000  0.000000
0.000000  0.183399  0.816601  0.000000  0.000000
0.000000  0.230736  0.769264  0.000000  0.000000
0.000000  0.235678  0.764321  0.000000  0.000000
0.000000  0.092555  0.866368  0.041077  0.000000
0.000000  0.130017  0.839244  0.030738  0.000000
0.499692  0.000000  0.440247  0.060061  0.000000
0.541043  0.000000  0.457748  0.001208  0.000000
0.414783  0.000000  0.580829  0.004388  0.000000
0.745880  0.000000  0.243945  0.010174  0.000000
0.769219  0.000069  0.230598  0.000115  0.000000
0.904996  0.000000  0.095003  0.000000  0.000000
0.894989  0.000000  0.105010  0.000000  0.000000
0.891068  0.000042  0.108889  0.000000  0.000000
0.907399  0.000000  0.092601  0.000000  0.000000
0.926525  0.000000  0.073475  0.000000  0.000000
0.896081  0.000000  0.103919  0.000000  0.000000
0.922039  0.041334  0.036626  0.000000  0.000000
0.920944  0.034338  0.044719  0.000000  0.000000
0.893564  0.061252  0.045183  0.000000  0.000000
0.800983  0.139635  0.059381  0.000000  0.000000
0.831575  0.140237  0.028187  0.000000  0.000000
0.797475  0.144828  0.057697  0.000000  0.000000
0.906902  0.082478  0.010619  0.000000  0.000000
0.914351  0.074949  0.010699  0.000000  0.000000
0.920319  0.066618  0.013063  0.000000  0.000000
0.814447  0.133103  0.052449  0.000000  0.000000
0.803418  0.158572  0.038010  0.000000  0.000000
0.819498  0.114365  0.066136  0.000000  0.000000
0.776148  0.119935  0.103917  0.000000  0.000000
0.811817  0.108938  0.079244  0.000000  0.000000
0.819188  0.107750  0.073061  0.000000  0.000000
0.000000  0.305331  0.694668  0.000000  0.000000
0.000000  0.313852  0.686148  0.000000  0.000000
0.422622  0.000000  0.257206  0.000000  0.320171
0.576055  0.000000  0.423944  0.000000  0.000000
0.549366  0.000000  0.450076  0.000557  0.000000
0.633300  0.087450  0.279249  0.000000  0.000000
0.723805  0.132337  0.143857  0.000000  0.000000
0.682307  0.146766  0.170927  0.000000  0.000000
0.700317  0.157748  0.141935  0.000000  0.000000
0.763861  0.139165  0.096973  0.000000  0.000000
0.733642  0.107948  0.158409  0.000000  0.000000
0.737917  0.116284  0.145798  0.000000  0.000000
0.798090  0.077468  0.124442  0.000000  0.000000
0.000000  0.999999  0.000000  0.000000  0.000000
0.000000  0.999999  0.000000  0.000000  0.000000
0.000000  0.999999  0.000000  0.000000  0.000000
0.000000  0.999999  0.000000  0.000000  0.000000
0.000000  0.999864  0.000135  0.000000  0.000000
0.000000  0.999378  0.000622  0.000000  0.000000
0.000000  0.999999  0.000000  0.000000  0.000000
0.000000  0.999996  0.000000  0.000003  0.000000
0.000000  0.999999  0.000000  0.000000  0.000000
0.498631  0.498837  0.002531  0.000000  0.000000
0.466937  0.532059  0.001003  0.000000  0.000000
0.499667  0.486096  0.014237  0.000000  0.000000
0.938761  0.061238  0.000000  0.000000  0.000000
0.938727  0.061272  0.000000  0.000000  0.000000
0.936768  0.063231  0.000000  0.000000  0.000000
0.947600  0.052400  0.000000  0.000000  0.000000
0.954501  0.045498  0.000000  0.000000  0.000000
0.930864  0.069135  0.000000  0.000000  0.000000
0.931427  0.068572  0.000000  0.000000  0.000000
0.938726  0.061273  0.000000  0.000000  0.000000
0.931765  0.068234  0.000000  0.000000  0.000000
0.944122  0.052425  0.000000  0.003453  0.000000
0.999999  0.000000  0.000000  0.000000  0.000000
0.995518  0.000000  0.000000  0.004481  0.000000
0.999999  0.000000  0.000000  0.000000  0.000000
0.999999  0.000000  0.000000  0.000000  0.000000
0.999999  0.000000  0.000000  0.000000  0.000000
0.971489  0.000000  0.000000  0.028510  0.000000
0.999999  0.000000  0.000000  0.000000  0.000000
0.999999  0.000000  0.000000  0.000000  0.000000
0.999999  0.000000  0.000000  0.000000  0.000000
0.999999  0.000000  0.000000  0.000000  0.000000
0.999999  0.000000  0.000000  0.000000  0.000000
0.987794  0.000000  0.000000  0.012205  0.000000
0.999999  0.000000  0.000000  0.000000  0.000000
0.955916  0.000000  0.000000  0.044084  0.000000
0.999999  0.000000  0.000000  0.000000  0.000000
0.999999  0.000000  0.000000  0.000000  0.000000
0.999999  0.000000  0.000000  0.000000  0.000000
0.999999  0.000000  0.000000  0.000000  0.000000
0.999999  0.000000  0.000000  0.000000  0.000000
0.999999  0.000000  0.000000  0.000000  0.000000
0.999449  0.000000  0.000000  0.000550  0.000000
0.999999  0.000000  0.000000  0.000000  0.000000
0.999999  0.000000  0.000000  0.000000  0.000000
0.999963  0.000000  0.000000  0.000036  0.000000
0.999999  0.000000  0.000000  0.000000  0.000000
0.999999  0.000000  0.000000  0.000000  0.000000
0.999999  0.000000  0.000000  0.000000  0.000000
0.999101  0.000000  0.000000  0.000898  0.000000
0.993032  0.006967  0.000000  0.000000  0.000000
0.982345  0.000000  0.000000  0.017654  0.000000
0.999755  0.000000  0.000244  0.000000  0.000000
0.999999  0.000000  0.000000  0.000000  0.000000
0.999999  0.000000  0.000000  0.000000  0.000000
0.000000  0.000000  0.945319  0.054680  0.000000
0.421110  0.000000  0.578890  0.000000  0.000000
0.416490  0.000000  0.583118  0.000391  0.000000
0.407218  0.000000  0.587758  0.005024  0.000000
0.841520  0.000000  0.158480  0.000000  0.000000
0.869244  0.000000  0.130755  0.000000  0.000000
0.846775  0.000000  0.153224  0.000000  0.000000
0.943113  0.000412  0.056475  0.000000  0.000000
0.951215  0.000000  0.048784  0.000000  0.000000
0.949991  0.000000  0.050008  0.000000  0.000000
0.976550  0.000000  0.023449  0.000000  0.000000
0.972291  0.000000  0.027708  0.000000  0.000000
0.962948  0.000000  0.037052  0.000000  0.000000
0.986544  0.000000  0.013455  0.000000  0.000000
0.977247  0.000000  0.022753  0.000000  0.000000
0.964126  0.000000  0.035873  0.000000  0.000000
0.994389  0.000000  0.005610  0.000000  0.000000
0.967593  0.000000  0.001524  0.000000  0.030883
0.984666  0.000000  0.015333  0.000000  0.000000
0.697693  0.302306  0.000000  0.000000  0.000000
0.622293  0.296708  0.000000  0.080998  0.000000
0.904293  0.090844  0.000000  0.004863  0.000000
0.000000  0.999999  0.000000  0.000000  0.000000
0.265274  0.000000  0.000000  0.000000  0.734725
0.260797  0.000000  0.000000  0.000000  0.739203
0.269133  0.000000  0.000000  0.000000  0.730866
0.719074  0.280925  0.000000  0.000000  0.000000
0.000000  0.000000  0.000000  0.999999  0.000000
0.000000  0.347685  0.000000  0.652314  0.000000
0.307382  0.420937  0.000000  0.271680  0.000000
0.118501  0.099854  0.000000  0.781645  0.000000
0.722501  0.155824  0.000000  0.121674  0.000000
0.000000  0.000000  0.000000  0.999999  0.000000
0.000000  0.000000  0.000000  0.999999  0.000000
0.000000  0.000000  0.000000  0.999999  0.000000
0.000000  0.000000  0.000000  0.999999  0.000000
0.000000  0.000000  0.000000  0.999999  0.000000
0.000000  0.000000  0.000000  0.999999  0.000000
0.000000  0.000000  0.000000  0.999999  0.000000
0.000000  0.000000  0.000000  0.999999  0.000000
0.000000  0.000000  0.000000  0.999999  0.000000
0.000000  0.000000  0.000000  0.999999  0.000000
0.000000  0.000000  0.000000  0.999999  0.000000
0.000000  0.000000  0.000000  0.999999  0.000000
0.570454  0.000000  0.000000  0.429545  0.000000
0.000000  0.000000  0.000000  0.999999  0.000000
0.668630  0.000000  0.000000  0.331369  0.000000
0.665985  0.000000  0.000000  0.334014  0.000000
0.542238  0.000000  0.000000  0.457762  0.000000
0.567731  0.309444  0.000000  0.122825  0.000000
0.674826  0.278249  0.000000  0.046924  0.000000
0.682138  0.275486  0.000000  0.042376  0.000000
0.719866  0.280133  0.000000  0.000000  0.000000
0.646023  0.293503  0.000000  0.060473  0.000000
0.566221  0.299028  0.000000  0.134750  0.000000
0.666074  0.296352  0.000000  0.037573  0.000000
0.689399  0.299359  0.000000  0.011242  0.000000
0.726596  0.273403  0.000000  0.000000  0.000000
0.684076  0.304968  0.000000  0.010956  0.000000
0.659134  0.205325  0.000000  0.135540  0.000000
0.760466  0.147918  0.000000  0.091615  0.000000
0.688207  0.193018  0.000000  0.118774  0.000000
0.679780  0.194615  0.000000  0.125604  0.000000
0.657016  0.183962  0.000000  0.159022  0.000000
0.744512  0.171957  0.000000  0.083530  0.000000
0.720154  0.179624  0.000000  0.100221  0.000000
0.581719  0.212960  0.000000  0.205321  0.000000
0.727181  0.194329  0.000000  0.078490  0.000000
0.817749  0.130978  0.000000  0.051272  0.000000
0.309596  0.571884  0.000000  0.118520  0.000000
0.957238  0.042762  0.000000  0.000000  0.000000
0.832158  0.082404  0.000000  0.085437  0.000000
0.924063  0.075937  0.000000  0.000000  0.000000
0.881408  0.118591  0.000000  0.000000  0.000000
0.904976  0.095023  0.000000  0.000000  0.000000
0.885654  0.114345  0.000000  0.000000  0.000000
0.845716  0.154284  0.000000  0.000000  0.000000
0.744780  0.118744  0.000000  0.136476  0.000000
0.895614  0.104385  0.000000  0.000000  0.000000
0.858128  0.141871  0.000000  0.000000  0.000000
0.593981  0.313234  0.000000  0.092784  0.000000
0.839572  0.160428  0.000000  0.000000  0.000000
0.837150  0.000000  0.000000  0.162849  0.000000
0.957231  0.042768  0.000000  0.000000  0.000000
0.854497  0.145503  0.000000  0.000000  0.000000
0.541612  0.455951  0.000000  0.002437  0.000000
0.850652  0.149347  0.000000  0.000000  0.000000
0.837629  0.162370  0.000000  0.000000  0.000000
0.857215  0.142784  0.000000  0.000000  0.000000
0.816601  0.169120  0.000000  0.014279  0.000000
0.000000  0.000000  0.000000  0.999999  0.000000
0.000001  0.999998  0.000001  0.000001  0.000001
0.000000  0.999998  0.000000  0.000000  0.000000
0.000000  0.999999  0.000000  0.000000  0.000000
0.000000  0.999999  0.000000  0.000000  0.000000
0.000000  0.999999  0.000000  0.000000  0.000000
0.000000  0.999999  0.000000  0.000000  0.000000
0.000000  0.999999  0.000000  0.000000  0.000000
0.000000  0.999999  0.000000  0.000000  0.000000
0.000000  0.935898  0.000000  0.064101  0.000000
0.000000  0.999999  0.000000  0.000000  0.000000
0.808758  0.045394  0.000000  0.145848  0.000000
0.811408  0.032987  0.000000  0.155605  0.000000
0.881974  0.019195  0.000000  0.098830  0.000000
0.852668  0.000000  0.000000  0.147331  0.000000
0.393957  0.488479  0.000000  0.117563  0.000000
0.865293  0.052129  0.000000  0.082578  0.000000
0.828443  0.040037  0.000000  0.131520  0.000000
0.751163  0.248836  0.000000  0.000000  0.000000
0.795992  0.177973  0.000002  0.026033  0.000000
0.832341  0.020543  0.000000  0.147115  0.000000
0.000000  0.000000  0.000000  0.999999  0.000000
0.000000  0.000000  0.000000  0.999999  0.000000
0.000001  0.000001  0.000001  0.999998  0.000001
0.000002  0.000002  0.000002  0.999994  0.000002
0.187613  0.000002  0.000002  0.812381  0.000002
0.224875  0.000000  0.000000  0.775124  0.000000
0.247862  0.000001  0.000001  0.752137  0.000001
0.000001  0.000001  0.000001  0.999998  0.000001
0.232521  0.000001  0.000001  0.767477  0.000001
0.000000  0.999999  0.000000  0.000000  0.000000
0.656119  0.257492  0.000000  0.086389  0.000000
0.000001  0.999998  0.000001  0.000001  0.000001
0.000000  0.933357  0.000000  0.066642  0.000000
0.000000  0.976012  0.000000  0.023987  0.000000
0.064872  0.893869  0.000000  0.041259  0.000000
0.000000  0.971557  0.000000  0.028442  0.000000
0.000000  0.999998  0.000000  0.000000  0.000000
0.000000  0.999995  0.000004  0.000000  0.000000
0.382459  0.130223  0.000000  0.487318  0.000000
0.000002  0.000002  0.000002  0.000002  0.999993
0.000001  0.000001  0.000001  0.000001  0.999995
0.000000  0.000000  0.000000  0.000000  0.999999
0.000000  0.000000  0.000000  0.000000  0.999999
0.000000  0.000000  0.000000  0.000000  0.999999
0.000000  0.000000  0.000000  0.000000  0.999999
0.000000  0.000000  0.000000  0.000000  0.999999
0.000000  0.000000  0.000000  0.000000  0.999999
0.000000  0.000000  0.000000  0.000000  0.999999
0.000000  0.000000  0.000000  0.000000  0.999999
0.000000  0.000000  0.000000  0.000000  0.999999
0.672867  0.003876  0.000001  0.323255  0.000001
0.000000  0.000000  0.000000  0.999999  0.000000
0.000000  0.000000  0.000000  0.999999  0.000000
0.000000  0.000000  0.000000  0.999999  0.000000
0.000000  0.000000  0.000000  0.999999  0.000000
0.000000  0.000000  0.000000  0.999999  0.000000
0.000000  0.000000  0.000000  0.999999  0.000000
0.000000  0.000000  0.000000  0.999999  0.000000
0.000000  0.000000  0.000000  0.999999  0.000000
0.000000  0.000000  0.000000  0.999999  0.000000
0.000000  0.000000  0.000000  0.999999  0.000000
0.000000  0.000000  0.000000  0.999999  0.000000
0.131611  0.000000  0.000000  0.868389  0.000000
0.000000  0.000000  0.000000  0.999999  0.000000
0.916802  0.083197  0.000000  0.000000  0.000000
0.587952  0.258319  0.000000  0.153729  0.000000
0.000000  0.700579  0.000000  0.299420  0.000000
0.000000  0.954034  0.000000  0.045966  0.000000
0.000000  0.969481  0.000000  0.030518  0.000000
0.346326  0.512800  0.000000  0.140873  0.000000
0.785585  0.214415  0.000000  0.000000  0.000000
0.274563  0.720106  0.000000  0.005330  0.000000
0.243636  0.705538  0.000000  0.050825  0.000000
0.471914  0.528085  0.000000  0.000000  0.000000
0.432496  0.526602  0.000000  0.040901  0.000000
0.429130  0.525909  0.000000  0.044961  0.000000
0.410559  0.535009  0.000000  0.054431  0.000000
0.463407  0.482770  0.000000  0.053823  0.000000
0.449715  0.531567  0.000000  0.018717  0.000000
0.611807  0.263286  0.000000  0.124907  0.000000
0.490266  0.509360  0.000000  0.000373  0.000000
0.602734  0.299501  0.000000  0.097764  0.000000
0.000000  0.583724  0.000000  0.416275  0.000000
0.431388  0.507848  0.000000  0.060763  0.000000
0.438189  0.506494  0.000000  0.055316  0.000000
0.847411  0.028600  0.000000  0.123988  0.000000
0.491714  0.508285  0.000000  0.000000  0.000000
0.000000  0.999999  0.000000  0.000000  0.000000
0.000000  0.950381  0.000000  0.049618  0.000000
0.000000  0.999998  0.000000  0.000000  0.000000
0.000000  0.999999  0.000000  0.000000  0.000000
0.000000  0.999999  0.000000  0.000000  0.000000
0.000000  0.999999  0.000000  0.000000  0.000000
0.000000  0.999999  0.000000  0.000000  0.000000
0.000000  0.999999  0.000000  0.000000  0.000000
0.000000  0.423285  0.000000  0.576714  0.000000
0.113069  0.544905  0.000000  0.342025  0.000000
0.131042  0.037835  0.000001  0.831122  0.000001
0.196364  0.029067  0.000000  0.774568  0.000000
0.000000  0.000000  0.000000  0.999999  0.000000
0.644905  0.215442  0.000000  0.139652  0.000000
0.798825  0.037086  0.000001  0.164087  0.000001
0.980296  0.019703  0.000000  0.000000  0.000000
0.449855  0.000002  0.000002  0.550140  0.000002
0.777448  0.007089  0.000000  0.215462  0.000000
0.618921  0.000001  0.204888  0.176189  0.000001
0.000001  0.843431  0.000001  0.156565  0.000001
0.000000  0.999998  0.000000  0.000000  0.000000
0.814753  0.157820  0.000001  0.027426  0.000001
0.000001  0.626492  0.174578  0.198928  0.000001
0.000000  0.000000  0.506131  0.493868  0.000000
0.000001  0.000001  0.704135  0.295863  0.000001
0.102283  0.000000  0.495232  0.402483  0.000000
0.320270  0.000000  0.561192  0.118537  0.000000
0.000000  0.000000  0.317785  0.682214  0.000000
0.286054  0.000000  0.466977  0.246967  0.000000
