0.000000  0.153539  0.000000  0.672232  0.174228
0.000000  0.174683  0.000000  0.820455  0.004861
0.000000  0.020619  0.015994  0.963387  0.000000
0.000000  0.077828  0.922171  0.000000  0.000000
0.000000  0.000000  0.999999  0.000000  0.000000
0.000000  0.000000  0.999999  0.000000  0.000000
0.000000  0.000000  0.999999  0.000000  0.000000
0.000000  0.000000  0.999999  0.000000  0.000000
0.000000  0.000000  0.999999  0.000000  0.000000
0.000000  0.000000  0.999999  0.000000  0.000000
0.000000  0.029619  0.970381  0.000000  0.000000
0.000000  0.032505  0.967495  0.000000  0.000000
0.000000  0.045239  0.954760  0.000000  0.000000
0.000000  0.000000  0.999999  0.000000  0.000000
0.000000  0.062175  0.459143  0.478681  0.000000
0.000000  0.000000  0.486240  0.513760  0.000000
0.000000  0.006268  0.608807  0.384925  0.000000
0.000000  0.000000  0.262678  0.737321  0.000000
0.000000  0.000000  0.242607  0.757393  0.000000
0.000000  0.000000  0.097678  0.902322  0.000000
0.000000  0.000000  0.111546  0.888453  0.000000
0.000000  0.000000  0.111092  0.888908  0.000000
0.000000  0.000000  0.099429  0.900570  0.000000
0.000000  0.000000  0.080148  0.919851  0.000000
0.000000  0.000000  0.109999  0.890000  0.000000
0.000000  0.000000  0.047874  0.952126  0.000000
0.000000  0.000000  0.053578  0.943506  0.002916
0.000000  0.000000  0.059444  0.940555  0.000000
0.000000  0.000000  0.067779  0.843012  0.089208
0.000000  0.000000  0.035461  0.872657  0.091882
0.000000  0.000000  0.066852  0.843396  0.089751
0.000000  0.000000  0.017116  0.982884  0.000000
0.000000  0.000000  0.017865  0.970812  0.011323
0.000000  0.000000  0.020368  0.979631  0.000000
0.000000  0.223326  0.000000  0.776637  0.000037
0.000000  0.000000  0.063251  0.869249  0.067500
0.000000  0.000000  0.048080  0.855662  0.096257
0.000000  0.000000  0.079052  0.870000  0.050947
0.000000  0.000000  0.121319  0.822711  0.055970
0.000000  0.000000  0.091285  0.864391  0.044323
0.000000  0.000000  0.085176  0.874380  0.040444
0.000000  0.000000  0.688445  0.231686  0.079868
0.000000  0.069297  0.930702  0.000000  0.000000
0.000000  0.000000  0.442491  0.557508  0.000000
0.000000  0.000392  0.468039  0.531568  0.000000
0.000000  0.000000  0.299150  0.669124  0.031725
0.000000  0.000000  0.159294  0.766564  0.074142
0.000000  0.000000  0.185857  0.734968  0.079174
0.000000  0.000000  0.161293  0.742722  0.095985
0.000000  0.000000  0.105898  0.815637  0.078465
0.000000  0.000000  0.175017  0.785317  0.039665
0.000000  0.000000  0.159021  0.787071  0.053907
0.000000  0.000000  0.142166  0.830250  0.027584
0.000000  0.000024  0.000000  0.000000  0.999975
0.000000  0.000000  0.000000  0.000000  0.999999
0.000000  0.003180  0.000000  0.000000  0.996820
0.000000  0.000000  0.000123  0.000000  0.999876
0.000000  0.008027  0.000000  0.000000  0.991972
0.000000  0.014161  0.002236  0.000000  0.983602
0.000000  0.037156  0.000000  0.000000  0.962843
0.000000  0.001035  0.000000  0.000000  0.998964
0.000000  0.000000  0.000001  0.000000  0.999998
0.000000  0.000000  0.007498  0.547359  0.445143
0.000000  0.001254  0.002875  0.524347  0.471524
0.000000  0.000000  0.017568  0.550142  0.432290
0.000000  0.000000  0.000000  0.979798  0.020201
0.000000  0.000000  0.000000  0.984685  0.015315
0.000000  0.000000  0.000000  0.983368  0.016632
0.000000  0.000000  0.000000  0.991590  0.008409
0.000000  0.015148  0.000000  0.979663  0.005189
0.000000  0.008240  0.000000  0.972184  0.019576
0.000000  0.000000  0.000000  0.974827  0.025172
0.000000  0.000000  0.000000  0.983373  0.016626
0.000000  0.000000  0.000000  0.985208  0.014791
0.000000  0.000000  0.000000  0.990038  0.009962
0.000000  0.000000  0.000000  0.999999  0.000000
0.000000  0.000000  0.000000  0.999999  0.000000
0.000000  0.000000  0.000000  0.999999  0.000000
0.000000  0.000000  0.000000  0.999999  0.000000
0.000000  0.023616  0.000000  0.976383  0.000000
0.000000  0.038303  0.000000  0.961697  0.000000
0.000000  0.000000  0.000000  0.999999  0.000000
0.000000  0.000000  0.000000  0.999999  0.000000
0.000000  0.023293  0.000000  0.976706  0.000000
0.000000  0.014707  0.000000  0.985292  0.000000
0.000000  0.000000  0.000000  0.999999  0.000000
0.000000  0.018344  0.000000  0.981656  0.000000
0.000000  0.000000  0.000000  0.999999  0.000000
0.000000  0.050784  0.000000  0.949216  0.000000
0.000000  0.000000  0.000000  0.999999  0.000000
0.000000  0.000000  0.000000  0.999999  0.000000
0.000000  0.000000  0.000000  0.999999  0.000000
0.000000  0.000000  0.000000  0.999999  0.000000
0.000000  0.000000  0.000000  0.999999  0.000000
0.000000  0.003495  0.000000  0.996504  0.000000
0.000000  0.000000  0.000000  0.999999  0.000000
0.000000  0.000000  0.000000  0.999999  0.000000
0.000000  0.000000  0.000000  0.999999  0.000000
0.000000  0.000000  0.000000  0.999999  0.000000
0.000000  0.000000  0.000000  0.999999  0.000000
0.000000  0.000000  0.000000  0.999999  0.000000
0.000000  0.014081  0.000000  0.985918  0.000000
0.000000  0.000903  0.000000  0.999096  0.000000
0.000000  0.008176  0.000000  0.991824  0.000000
0.000000  0.021951  0.000000  0.978049  0.000000
0.000000  0.000000  0.000572  0.999427  0.000000
0.000000  0.000000  0.000091  0.999909  0.000000
0.000000  0.000000  0.000000  0.999999  0.000000
0.000000  0.000000  0.009943  0.763040  0.227017
0.000000  0.051215  0.948785  0.000000  0.000000
0.000000  0.000000  0.615157  0.384842  0.000000
0.000000  0.000000  0.618115  0.381884  0.000000
0.000000  0.007071  0.622297  0.370631  0.000000
0.000000  0.000000  0.167676  0.832323  0.000000
0.000000  0.000000  0.135150  0.864850  0.000000
0.000000  0.000568  0.159924  0.839507  0.000000
0.000000  0.000000  0.059668  0.940332  0.000000
0.000000  0.000000  0.052519  0.947480  0.000000
0.000000  0.000000  0.053008  0.946992  0.000000
0.000000  0.000000  0.024607  0.975393  0.000000
0.000000  0.000000  0.032363  0.967636  0.000000
0.000000  0.000000  0.036830  0.963169  0.000000
0.000000  0.000000  0.014424  0.985575  0.000000
0.000000  0.000000  0.027809  0.972190  0.000000
0.000000  0.000000  0.040283  0.959716  0.000000
0.000000  0.053124  0.000000  0.711874  0.235002
0.000000  0.090715  0.000000  0.667158  0.242127
0.000000  0.000000  0.000000  0.972504  0.027496
0.000000  0.033466  0.000000  0.000000  0.966533
0.000001  0.171312  0.000001  0.000001  0.828685
0.000000  0.000000  0.000000  0.000000  0.999998
0.000000  0.035868  0.000000  0.860391  0.103740
0.000001  0.178220  0.080812  0.359949  0.381018
0.000000  0.267739  0.604747  0.127513  0.000000
0.000000  0.414383  0.520687  0.064930  0.000000
0.000000  0.130196  0.616968  0.252835  0.000000
0.000000  0.689273  0.310726  0.000000  0.000000
0.000000  0.307763  0.692236  0.000000  0.000000
0.000000  0.999999  0.000000  0.000000  0.000000
0.000000  0.670027  0.000000  0.000000  0.329972
0.000000  0.314180  0.000000  0.000000  0.685819
0.000000  0.817741  0.000000  0.000000  0.182259
0.000000  0.999999  0.000000  0.000000  0.000000
0.000000  0.999999  0.000000  0.000000  0.000000
0.000000  0.999999  0.000000  0.000000  0.000000
0.000000  0.999999  0.000000  0.000000  0.000000
0.000000  0.999999  0.000000  0.000000  0.000000
0.000000  0.999999  0.000000  0.000000  0.000000
0.000000  0.999999  0.000000  0.000000  0.000000
0.000000  0.999999  0.000000  0.000000  0.000000
0.000000  0.999999  0.000000  0.000000  0.000000
0.000000  0.999999  0.000000  0.000000  0.000000
0.000000  0.999999  0.000000  0.000000  0.000000
0.000000  0.999999  0.000000  0.000000  0.000000
0.287463  0.712536  0.000000  0.000000  0.000000
0.000000  0.999999  0.000000  0.000000  0.000000
0.353748  0.646252  0.000000  0.000000  0.000000
0.341798  0.658201  0.000000  0.000000  0.000000
0.278702  0.721298  0.000000  0.000000  0.000000
0.000000  0.138459  0.000000  0.598887  0.262654
0.000000  0.052685  0.000000  0.724578  0.222737
0.000000  0.050802  0.000000  0.732492  0.216706
0.000000  0.032491  0.000000  0.751515  0.215994
0.000000  0.069404  0.000000  0.695863  0.234732
0.000000  0.146601  0.000000  0.609792  0.243607
0.000000  0.000000  0.000000  0.735086  0.264913
0.000000  0.000000  0.000000  0.742525  0.257475
0.000000  0.031167  0.000000  0.757561  0.211272
0.000000  0.000000  0.000000  0.738835  0.261165
0.000000  0.142640  0.000000  0.692517  0.164843
0.000000  0.100140  0.000000  0.795995  0.103864
0.000000  0.132829  0.000000  0.755755  0.111415
0.000000  0.126085  0.000000  0.720473  0.153441
0.000000  0.131667  0.000000  0.714309  0.154024
0.000000  0.173553  0.000000  0.678446  0.148001
0.000000  0.092222  0.000000  0.775937  0.131840
0.000000  0.110421  0.000000  0.751110  0.138468
0.000000  0.219751  0.000000  0.617092  0.163156
0.000000  0.085709  0.000000  0.762101  0.152189
0.000000  0.058911  0.000000  0.866337  0.074751
0.000000  0.127337  0.000000  0.348997  0.523666
0.000000  0.000000  0.000000  0.999999  0.000000
0.000000  0.096153  0.000000  0.873618  0.030228
0.000000  0.000000  0.000000  0.975726  0.024274
0.000000  0.025562  0.000000  0.919562  0.054876
0.000000  0.000096  0.000000  0.948556  0.051348
0.000000  0.000000  0.000000  0.949309  0.050690
0.000000  0.000000  0.000000  0.899822  0.100178
0.000000  0.141969  0.000000  0.790400  0.067631
0.000000  0.000588  0.000000  0.950434  0.048977
0.000000  0.029020  0.000000  0.877646  0.093334
0.000000  0.101967  0.000000  0.636162  0.261870
0.000000  0.000000  0.000000  0.895911  0.104088
0.000000  0.174061  0.000000  0.802558  0.023380
0.000000  0.000000  0.000000  0.999999  0.000000
0.000000  0.000000  0.000000  0.902849  0.097150
0.000000  0.000000  0.000389  0.581003  0.418608
0.000000  0.000000  0.000000  0.909485  0.090515
0.000000  0.000000  0.000000  0.898185  0.101815
0.000000  0.000000  0.000000  0.916351  0.083649
0.000000  0.019463  0.000000  0.866886  0.113650
0.000000  0.999999  0.000000  0.000000  0.000000
0.000000  0.999999  0.000000  0.000000  0.000000
0.000000  0.999999  0.000000  0.000000  0.000000
0.000000  0.027423  0.000000  0.000000  0.972575
0.000000  0.000000  0.000000  0.000000  0.999999
0.000000  0.000000  0.000000  0.000000  0.999999
0.000000  0.000000  0.000000  0.000000  0.999999
0.000000  0.000000  0.000000  0.000000  0.999999
0.000000  0.000000  0.000000  0.000000  0.999999
0.000000  0.000000  0.000000  0.000000  0.999999
0.000000  0.000000  0.000000  0.000000  0.999999
0.000000  0.072180  0.000000  0.000000  0.927820
0.000000  0.000000  0.000000  0.000000  0.999999
0.000000  0.999998  0.000000  0.000000  0.000000
0.000002  0.999992  0.000002  0.000002  0.000002
0.088163  0.911836  0.000000  0.000000  0.000000
0.092460  0.907539  0.000001  0.000001  0.000001
0.096053  0.903944  0.000001  0.000001  0.000001
0.000000  0.154518  0.000000  0.838061  0.007421
0.000000  0.165279  0.000000  0.832697  0.002023
0.000000  0.107428  0.000000  0.892572  0.000000
0.000000  0.155106  0.000000  0.844682  0.000212
0.000000  0.126628  0.000000  0.420144  0.453227
0.000000  0.089049  0.000000  0.893329  0.017621
0.000000  0.143832  0.000000  0.850611  0.005556
0.000000  0.035788  0.000000  0.776458  0.187754
0.000000  0.033540  0.000000  0.833825  0.132634
0.000000  0.157551  0.000000  0.842129  0.000319
0.000000  0.000000  0.000000  0.000000  0.999999
0.000000  0.095207  0.000000  0.687510  0.217283
0.000001  0.073011  0.000001  0.000001  0.926988
0.000000  0.083048  0.000000  0.032343  0.884608
0.000000  0.041134  0.000279  0.000000  0.958587
0.000000  0.063651  0.000000  0.000000  0.936349
0.000000  0.000000  0.001688  0.000000  0.998311
0.000000  0.048285  0.000000  0.063809  0.887905
0.000000  0.000000  0.000000  0.152643  0.847357
0.293966  0.706032  0.000001  0.000001  0.000001
0.000000  0.999999  0.000000  0.000000  0.000000
0.000000  0.999999  0.000000  0.000000  0.000000
0.000000  0.999999  0.000000  0.000000  0.000000
0.000000  0.999999  0.000000  0.000000  0.000000
0.000000  0.999999  0.000000  0.000000  0.000000
0.000000  0.999999  0.000000  0.000000  0.000000
0.000000  0.999999  0.000000  0.000000  0.000000
0.000000  0.999999  0.000000  0.000000  0.000000
0.000000  0.999999  0.000000  0.000000  0.000000
0.000000  0.999999  0.000000  0.000000  0.000000
0.000000  0.999999  0.000000  0.000000  0.000000
0.000000  0.999999  0.000000  0.000000  0.000000
0.000000  0.999999  0.000000  0.000000  0.000000
0.000000  0.000000  0.000000  0.966522  0.033478
0.000000  0.167437  0.000000  0.625519  0.207044
0.000000  0.000000  0.011000  0.000000  0.989000
0.000000  0.044171  0.000000  0.000000  0.955828
0.000000  0.154269  0.000000  0.382095  0.463635
0.000000  0.054330  0.000000  0.795378  0.150292
0.000000  0.012261  0.000000  0.322074  0.665665
0.000000  0.062803  0.000000  0.290180  0.647016
0.000000  0.033539  0.000000  0.493047  0.473414
0.000000  0.048924  0.000000  0.461968  0.489108
0.000000  0.053557  0.000000  0.470586  0.475856
0.000000  0.065795  0.000000  0.449884  0.484320
0.000000  0.061658  0.000000  0.499625  0.438717
0.000000  0.000000  0.000000  0.508205  0.491794
0.000000  0.136002  0.000000  0.657270  0.206727
0.000000  0.001148  0.000000  0.534571  0.464281
0.000000  0.107928  0.000000  0.633493  0.258579
0.000000  0.066240  0.000000  0.472526  0.461233
0.000000  0.063745  0.000000  0.471472  0.464783
0.000000  0.595502  0.000000  0.000000  0.404497
0.000000  0.372213  0.000000  0.000000  0.627786
0.050716  0.949282  0.000001  0.000001  0.000001
0.000000  0.999999  0.000000  0.000000  0.000000
0.000000  0.135550  0.000000  0.860635  0.003815
0.000000  0.052460  0.000000  0.492547  0.454993
0.000000  0.000414  0.000000  0.000000  0.999585
0.000000  0.058646  0.000000  0.000000  0.941354
0.000000  0.001430  0.000000  0.000000  0.998569
0.000000  0.000000  0.000000  0.000000  0.999999
0.000000  0.000000  0.000000  0.000000  0.999999
0.000000  0.000000  0.000000  0.000000  0.999999
0.000000  0.000000  0.000000  0.000000  0.999999
0.000000  0.000000  0.000000  0.000000  0.999999
0.000000  0.999999  0.000000  0.000000  0.000000
