0.000000  0.000000  0.000000  0.860257  0.000000  0.000000  0.000000  0.139742
0.000000  0.000000  0.000000  0.844157  0.000000  0.000000  0.000000  0.155841
0.000000  0.000000  0.000000  0.518729  0.000000  0.443657  0.000000  0.037613
0.000000  0.000000  0.000000  0.000000  0.000000  0.965877  0.000000  0.034123
0.000000  0.000000  0.000000  0.000000  0.000000  0.999999  0.000000  0.000000
0.000000  0.000000  0.000000  0.000000  0.000000  0.999999  0.000000  0.000000
0.000000  0.000000  0.000000  0.000000  0.000000  0.999999  0.000000  0.000000
0.000000  0.000000  0.000000  0.000000  0.000000  0.999999  0.000000  0.000000
0.000000  0.000000  0.000000  0.000000  0.000000  0.999999  0.000000  0.000000
0.000000  0.000000  0.000000  0.000000  0.009775  0.990225  0.000000  0.000000
0.000000  0.000000  0.000000  0.000000  0.000000  0.999999  0.000000  0.000000
0.000000  0.000000  0.000000  0.000000  0.021888  0.977528  0.000000  0.000583
0.000000  0.000000  0.000000  0.000000  0.000000  0.995374  0.000000  0.004625
0.000000  0.000000  0.000000  0.000000  0.000000  0.999999  0.000000  0.000000
0.000000  0.000000  0.000000  0.000000  0.000000  0.924791  0.000000  0.075208
0.000000  0.000000  0.000000  0.000000  0.000000  0.999999  0.000000  0.000000
0.000000  0.000000  0.000000  0.000000  0.000000  0.995672  0.000000  0.004327
0.000000  0.000000  0.000000  0.190569  0.000000  0.809430  0.000000  0.000000
0.000000  0.000000  0.000000  0.257056  0.000000  0.742944  0.000000  0.000000
0.000000  0.000000  0.000000  0.000000  0.000000  0.978678  0.000000  0.021321
0.000000  0.000000  0.000000  0.215444  0.000000  0.773678  0.000000  0.010877
0.000000  0.000000  0.000000  0.211064  0.000000  0.788935  0.000000  0.000000
0.000000  0.000000  0.000000  0.000000  0.000000  0.985410  0.000000  0.014589
0.000000  0.000000  0.000000  0.000000  0.000000  0.964871  0.000000  0.035128
0.000000  0.000000  0.000000  0.000000  0.000000  0.999999  0.000000  0.000000
0.000000  0.000000  0.000000  0.541416  0.000000  0.458583  0.000000  0.000000
0.000000  0.000000  0.000000  0.510188  0.000000  0.489811  0.000000  0.000000
0.000000  0.000000  0.000000  0.521801  0.000000  0.477084  0.000000  0.001114
0.000000  0.000000  0.000000  0.510216  0.000000  0.489783  0.000000  0.000000
0.000000  0.000000  0.000000  0.569205  0.000000  0.430795  0.000000  0.000000
0.000000  0.000000  0.000000  0.512772  0.000000  0.487227  0.000000  0.000000
0.000000  0.000000  0.000000  0.477786  0.000000  0.522214  0.000000  0.000000
0.000000  0.000000  0.000000  0.482485  0.000000  0.517515  0.000000  0.000000
0.000000  0.000000  0.000000  0.492009  0.000000  0.507990  0.000000  0.000000
0.000000  0.000000  0.000000  0.788512  0.000000  0.000000  0.000000  0.211487
0.000000  0.000000  0.000000  0.351335  0.000000  0.648664  0.000000  0.000000
0.000000  0.000000  0.000000  0.361329  0.000000  0.638670  0.000000  0.000000
0.000000  0.000000  0.000000  0.328594  0.000000  0.671405  0.000000  0.000000
0.000000  0.000000  0.000000  0.000000  0.000000  0.999999  0.000000  0.000000
0.000000  0.000000  0.000000  0.000000  0.000000  0.999999  0.000000  0.000000
0.000000  0.000000  0.000000  0.000000  0.000000  0.967494  0.000000  0.032505
0.000000  0.000000  0.000000  0.000000  0.002728  0.997271  0.000000  0.000000
0.000000  0.000000  0.000000  0.000000  0.050887  0.942895  0.000000  0.006217
0.000000  0.000000  0.000000  0.000000  0.000000  0.999999  0.000000  0.000000
0.000000  0.000000  0.000000  0.000000  0.000000  0.989868  0.000000  0.010131
0.000000  0.000000  0.000000  0.000000  0.000000  0.999999  0.000000  0.000000
0.000000  0.000000  0.000000  0.256733  0.000000  0.743267  0.000000  0.000000
0.000000  0.000000  0.000000  0.205435  0.000000  0.794565  0.000000  0.000000
0.000000  0.000000  0.000000  0.000000  0.000000  0.999999  0.000000  0.000000
0.000000  0.000000  0.000000  0.273561  0.000000  0.726438  0.000000  0.000000
0.000000  0.000000  0.000000  0.151632  0.000000  0.848359  0.000000  0.000009
0.000000  0.000000  0.000000  0.182130  0.000000  0.817870  0.000000  0.000000
0.000000  0.000000  0.000000  0.000000  0.000000  0.978186  0.000000  0.021813
0.000000  0.851310  0.000000  0.000000  0.000000  0.000000  0.000000  0.148689
0.000000  0.999999  0.000000  0.000000  0.000000  0.000000  0.000000  0.000000
0.000000  0.876528  0.000000  0.000000  0.000000  0.000000  0.000000  0.123471
0.000000  0.999999  0.000000  0.000000  0.000000  0.000000  0.000000  0.000000
0.000000  0.832618  0.000000  0.000000  0.000000  0.000000  0.000000  0.167382
0.000000  0.832397  0.000000  0.000000  0.000000  0.000000  0.000000  0.167602
0.000000  0.805655  0.000000  0.000000  0.000000  0.000000  0.000000  0.194344
0.000000  0.887229  0.000000  0.000000  0.000000  0.000000  0.000000  0.112770
0.000000  0.999999  0.000000  0.000000  0.000000  0.000000  0.000000  0.000000
0.000000  0.009201  0.000000  0.666404  0.000000  0.324395  0.000000  0.000000
0.000000  0.000000  0.000000  0.514834  0.176393  0.279917  0.000000  0.028855
0.000000  0.000076  0.000000  0.517294  0.160669  0.321961  0.000000  0.000000
0.000000  0.000000  0.000000  0.954164  0.000000  0.045835  0.000000  0.000000
0.000000  0.000000  0.000000  0.940118  0.000000  0.059881  0.000000  0.000000
0.000000  0.000000  0.000000  0.976591  0.000000  0.023409  0.000000  0.000000
0.000000  0.000000  0.000000  0.999999  0.000000  0.000000  0.000000  0.000000
0.000000  0.000000  0.000000  0.938378  0.000000  0.054172  0.000000  0.007450
0.000000  0.000000  0.000000  0.978192  0.000000  0.019818  0.000000  0.001989
0.000000  0.000000  0.000000  0.961441  0.000000  0.038558  0.000000  0.000000
0.000000  0.000000  0.000000  0.976819  0.000000  0.023181  0.000000  0.000000
0.000000  0.000000  0.000000  0.999999  0.000000  0.000000  0.000000  0.000000
0.000000  0.000000  0.000000  0.966534  0.000000  0.033465  0.000000  0.000000
0.000000  0.000000  0.000000  0.999999  0.000000  0.000000  0.000000  0.000000
0.000000  0.000000  0.000000  0.999999  0.000000  0.000000  0.000000  0.000000
0.000000  0.000000  0.000000  0.999656  0.000000  0.000343  0.000000  0.000000
0.000000  0.000000  0.000000  0.999999  0.000000  0.000000  0.000000  0.000000
0.000000  0.000000  0.000000  0.999999  0.000000  0.000000  0.000000  0.000000
0.000000  0.000000  0.000000  0.999999  0.000000  0.000000  0.000000  0.000000
0.000000  0.000000  0.000000  0.998906  0.000000  0.001093  0.000000  0.000000
0.000000  0.000000  0.000000  0.999999  0.000000  0.000000  0.000000  0.000000
0.000000  0.000000  0.000000  0.990978  0.000000  0.000000  0.000000  0.009021
0.000000  0.000000  0.000000  0.999999  0.000000  0.000000  0.000000  0.000000
0.042552  0.000000  0.000000  0.937031  0.000000  0.000000  0.000000  0.020416
0.000000  0.000000  0.000000  0.980991  0.000000  0.000000  0.000000  0.019008
0.543427  0.000000  0.000000  0.000000  0.000000  0.000000  0.000000  0.456572
0.454950  0.000000  0.000000  0.000000  0.000000  0.000000  0.000000  0.545049
0.534540  0.000000  0.000000  0.000000  0.000000  0.000000  0.000000  0.465460
0.018482  0.000000  0.000000  0.966870  0.000000  0.000000  0.000000  0.014647
0.000000  0.000000  0.000000  0.859886  0.000000  0.139085  0.000000  0.001028
0.017205  0.000000  0.000000  0.982795  0.000000  0.000000  0.000000  0.000000
0.525526  0.000000  0.000000  0.000000  0.000000  0.000000  0.000000  0.474474
0.000000  0.000000  0.000000  0.995008  0.000000  0.000000  0.000000  0.004992
0.485843  0.000000  0.000000  0.000000  0.000000  0.000000  0.000000  0.514156
0.498234  0.000000  0.000000  0.000000  0.000000  0.000000  0.000000  0.501766
0.000000  0.000000  0.000000  0.928989  0.000000  0.071011  0.000000  0.000000
0.008195  0.000000  0.000000  0.988841  0.000000  0.000000  0.000000  0.002964
0.000000  0.000000  0.000000  0.999999  0.000000  0.000000  0.000000  0.000000
0.498471  0.000000  0.000000  0.000000  0.000000  0.000000  0.000000  0.501528
0.000000  0.000000  0.000000  0.992845  0.000000  0.000000  0.000000  0.007155
0.001307  0.000000  0.000000  0.993033  0.000000  0.000000  0.000000  0.005659
0.000000  0.000000  0.000000  0.868982  0.000000  0.126388  0.000000  0.004629
0.000000  0.000000  0.000000  0.943938  0.000000  0.040665  0.000000  0.015396
0.000000  0.000000  0.000000  0.751324  0.000000  0.247908  0.000000  0.000767
0.000000  0.000000  0.000000  0.767251  0.000000  0.232531  0.000000  0.000217
0.000000  0.000000  0.000000  0.792416  0.000000  0.205317  0.000000  0.002266
0.000000  0.000000  0.000000  0.654743  0.039799  0.305457  0.000000  0.000000
0.000000  0.000000  0.000000  0.000000  0.000000  0.999999  0.000000  0.000000
0.000000  0.000000  0.000000  0.000000  0.000000  0.999999  0.000000  0.000000
0.000000  0.000000  0.000000  0.000000  0.000000  0.999999  0.000000  0.000000
0.000000  0.000000  0.000000  0.000000  0.000000  0.999999  0.000000  0.000000
0.000000  0.000000  0.000000  0.158950  0.000000  0.830472  0.000000  0.010578
0.000000  0.000000  0.000000  0.256389  0.000000  0.743610  0.000000  0.000000
0.000000  0.000000  0.000000  0.179869  0.000000  0.796205  0.000000  0.023925
0.000000  0.000000  0.000000  0.000000  0.000000  0.977978  0.000000  0.022021
0.000000  0.000000  0.000000  0.000000  0.000000  0.971442  0.000000  0.028557
0.000000  0.000000  0.000000  0.000000  0.000000  0.994993  0.000000  0.005006
0.000000  0.000000  0.000000  0.000000  0.000000  0.963214  0.000000  0.036785
0.000000  0.000000  0.000000  0.000000  0.000000  0.975050  0.000000  0.024949
0.000000  0.000000  0.000000  0.000000  0.000000  0.978827  0.000000  0.021172
0.000000  0.000000  0.000000  0.000000  0.000000  0.939546  0.000000  0.060453
0.000000  0.000000  0.000000  0.441343  0.000000  0.550507  0.000000  0.008149
0.000000  0.000000  0.000000  0.000000  0.000000  0.946118  0.000000  0.053882
0.000000  0.000000  0.000000  0.972732  0.000000  0.000000  0.000000  0.027267
0.000000  0.000000  0.000000  0.924871  0.000000  0.000000  0.000000  0.075128
0.000000  0.000000  0.000000  0.999348  0.000000  0.000651  0.000000  0.000000
0.000000  0.000000  0.000000  0.000000  0.869746  0.000000  0.000000  0.130253
0.000001  0.000001  0.000001  0.000001  0.723944  0.000001  0.000001  0.276052
0.000000  0.000000  0.000000  0.000000  0.807584  0.000000  0.000000  0.192414
0.000000  0.000000  0.000000  0.965876  0.001760  0.000000  0.000000  0.032363
0.000000  0.000000  0.000000  0.407894  0.181089  0.208785  0.000000  0.202230
0.000000  0.000000  0.000000  0.000000  0.000000  0.751482  0.000000  0.248516
0.000000  0.000000  0.000000  0.000000  0.000000  0.612449  0.000000  0.387550
0.000000  0.000000  0.000000  0.000000  0.000000  0.886913  0.000000  0.113085
0.000000  0.000000  0.000000  0.000000  0.000000  0.335445  0.000000  0.664554
0.000000  0.000000  0.000000  0.000000  0.000000  0.752548  0.000000  0.247450
0.000000  0.000000  0.000000  0.000000  0.000000  0.000000  0.000000  0.999999
0.000000  0.000000  0.000000  0.000000  0.000000  0.000000  0.053668  0.946331
0.000000  0.000000  0.000000  0.000000  0.587061  0.000000  0.000000  0.412938
0.000000  0.000000  0.000000  0.000000  0.000000  0.000000  0.000000  0.999999
0.000000  0.000000  0.000000  0.000000  0.000000  0.000000  0.000000  0.999999
0.000000  0.000000  0.000000  0.000000  0.000000  0.000000  0.000000  0.999999
0.000000  0.000000  0.000000  0.000000  0.000000  0.000000  0.000000  0.999999
0.000000  0.000000  0.000000  0.000000  0.000000  0.000000  0.000000  0.999999
0.000000  0.000000  0.000000  0.000000  0.000000  0.000000  0.000000  0.999999
0.000000  0.000000  0.000000  0.000000  0.000000  0.000000  0.000000  0.999999
0.000000  0.000000  0.000000  0.000000  0.000000  0.000000  0.000000  0.999999
0.000000  0.000000  0.000000  0.000000  0.000000  0.000000  0.000000  0.999999
0.000000  0.000000  0.000000  0.000000  0.000000  0.000000  0.000000  0.999999
0.000000  0.000000  0.000000  0.000000  0.000000  0.000000  0.000000  0.999999
0.000000  0.000000  0.000000  0.000000  0.000000  0.000000  0.000000  0.999999
0.000000  0.000000  0.000000  0.000000  0.000000  0.000000  0.000000  0.999999
0.000000  0.000000  0.258850  0.000000  0.000000  0.000000  0.000000  0.741149
0.000000  0.000000  0.000000  0.000000  0.000000  0.000000  0.000000  0.999999
0.000000  0.000000  0.319398  0.000000  0.000000  0.000000  0.000000  0.680601
0.000000  0.000000  0.310903  0.000000  0.000000  0.000000  0.000000  0.689096
0.000000  0.000000  0.257018  0.000000  0.000000  0.000000  0.000000  0.742981
0.000000  0.000000  0.000000  0.878575  0.000000  0.000000  0.000000  0.121424
0.000000  0.000000  0.000000  0.996402  0.003598  0.000000  0.000000  0.000000
0.000000  0.000000  0.000000  0.971075  0.000082  0.000000  0.000000  0.028842
0.000000  0.000000  0.000000  0.999999  0.000000  0.000000  0.000000  0.000000
0.000000  0.000000  0.000000  0.955005  0.000000  0.000000  0.000000  0.044995
0.000000  0.000000  0.000000  0.875841  0.000000  0.000000  0.000000  0.124157
0.000000  0.000000  0.000000  0.971150  0.028850  0.000000  0.000000  0.000000
0.000000  0.000000  0.000000  0.966371  0.033628  0.000000  0.000000  0.000000
0.000000  0.000000  0.000000  0.990128  0.000000  0.000000  0.000000  0.009871
0.000000  0.000000  0.000000  0.945188  0.054811  0.000000  0.000000  0.000000
0.000000  0.000000  0.000000  0.875090  0.000000  0.000000  0.000000  0.124909
0.000000  0.000000  0.000000  0.919195  0.000000  0.000000  0.000000  0.080804
0.000000  0.000000  0.000000  0.886155  0.000000  0.000000  0.000000  0.113844
0.000000  0.000000  0.000000  0.889274  0.001183  0.000000  0.000000  0.109543
0.000000  0.000000  0.000000  0.886193  0.000000  0.000000  0.000000  0.113806
0.000000  0.000000  0.000000  0.839236  0.000000  0.000000  0.000000  0.160763
0.000000  0.000000  0.000000  0.923009  0.000000  0.000000  0.000000  0.076990
0.000000  0.000000  0.000000  0.905778  0.000000  0.000000  0.000000  0.094221
0.000000  0.000000  0.000000  0.792921  0.000000  0.000000  0.000000  0.207078
0.000000  0.000000  0.000000  0.931115  0.000000  0.000000  0.000000  0.068885
0.000000  0.000000  0.000000  0.955654  0.000000  0.000000  0.000000  0.044345
0.000000  0.000000  0.000000  0.534303  0.309193  0.000000  0.000000  0.156503
0.000000  0.000000  0.000000  0.999730  0.000000  0.000270  0.000000  0.000000
0.000000  0.000000  0.000000  0.915654  0.000000  0.000000  0.000000  0.084345
0.000000  0.000000  0.000000  0.957548  0.000000  0.042451  0.000000  0.000000
0.000000  0.000000  0.000000  0.999999  0.000000  0.000000  0.000000  0.000000
0.000000  0.000000  0.000000  0.917350  0.000000  0.082380  0.000000  0.000270
0.000000  0.000000  0.000000  0.999999  0.000000  0.000000  0.000000  0.000000
0.000000  0.000000  0.000000  0.925286  0.000000  0.074713  0.000000  0.000000
0.000000  0.000000  0.000000  0.000000  0.231874  0.510308  0.000000  0.257817
0.000000  0.000000  0.000000  0.999999  0.000000  0.000000  0.000000  0.000000
0.000000  0.000000  0.000000  0.900924  0.000000  0.075658  0.000000  0.023418
0.000000  0.000000  0.000000  0.850630  0.054305  0.000000  0.000000  0.095063
0.000000  0.000000  0.000000  0.907392  0.000000  0.092607  0.000000  0.000000
0.000000  0.000000  0.000000  0.842207  0.000000  0.000000  0.000000  0.157792
0.000000  0.000000  0.000000  0.999798  0.000000  0.000202  0.000000  0.000000
0.000000  0.000000  0.000000  0.872258  0.000000  0.127741  0.000000  0.000000
0.000000  0.000000  0.000000  0.673209  0.230430  0.096361  0.000000  0.000000
0.000000  0.000000  0.000000  0.877818  0.000000  0.122181  0.000000  0.000000
0.000000  0.000000  0.000000  0.972603  0.000000  0.027397  0.000000  0.000000
0.000000  0.000000  0.000000  0.933928  0.000000  0.066071  0.000000  0.000000
0.000000  0.000000  0.000000  0.947963  0.000000  0.052036  0.000000  0.000000
0.000000  0.000000  0.000000  0.000000  0.000000  0.000000  0.000000  0.999999
0.000000  0.000000  0.000000  0.000000  0.000000  0.000000  0.000000  0.999999
0.000000  0.000000  0.000000  0.000000  0.000000  0.000000  0.000000  0.999999
0.000000  0.000000  0.000000  0.000000  0.873837  0.000000  0.000000  0.126161
0.000000  0.000000  0.000000  0.000000  0.920779  0.000000  0.000000  0.079220
0.000000  0.000000  0.000000  0.000000  0.918478  0.000000  0.000000  0.081522
0.000000  0.000000  0.000000  0.000000  0.955205  0.000000  0.000000  0.044795
0.000000  0.000000  0.000000  0.000000  0.922970  0.000000  0.000000  0.077029
0.000000  0.000000  0.000000  0.000000  0.999999  0.000000  0.000000  0.000000
0.000000  0.000000  0.000000  0.000000  0.945476  0.000000  0.000000  0.054523
0.000000  0.000000  0.000000  0.000000  0.957005  0.000000  0.000000  0.042994
0.000000  0.000000  0.000000  0.000000  0.832679  0.000000  0.000000  0.167320
0.000000  0.000000  0.000000  0.000000  0.928867  0.000000  0.000000  0.071132
0.000000  0.000000  0.000000  0.000000  0.000000  0.000000  0.000000  0.999998
0.000001  0.000001  0.000001  0.000001  0.000001  0.000001  0.000001  0.999992
0.000000  0.000000  0.071493  0.000000  0.000000  0.000000  0.000000  0.928505
0.000000  0.000000  0.076739  0.000000  0.000000  0.000000  0.000000  0.923259
0.000000  0.000000  0.078091  0.000000  0.000000  0.000000  0.000000  0.921906
0.000000  0.000000  0.000000  0.862674  0.000000  0.000000  0.000000  0.137325
0.000000  0.000000  0.000000  0.850034  0.000000  0.000000  0.000000  0.149964
0.000000  0.000000  0.000000  0.909326  0.000000  0.000000  0.000000  0.090674
0.000000  0.000000  0.000000  0.859726  0.000000  0.000000  0.000000  0.140273
0.000000  0.000000  0.000000  0.646590  0.214781  0.000000  0.000000  0.138629
0.000000  0.000000  0.000000  0.929607  0.000000  0.000000  0.000000  0.070392
0.000000  0.000000  0.000000  0.873862  0.000000  0.000000  0.000000  0.126137
0.000000  0.000000  0.000000  0.983455  0.000000  0.000000  0.000000  0.016544
0.000000  0.000000  0.000000  0.785892  0.000000  0.178360  0.000000  0.035747
0.000000  0.000000  0.000000  0.859952  0.000000  0.000000  0.000000  0.140047
0.000000  0.000000  0.000000  0.295132  0.610162  0.000000  0.000000  0.094704
0.000000  0.000000  0.000000  0.921519  0.000000  0.000000  0.000000  0.078480
0.000000  0.000000  0.000000  0.000000  0.809747  0.000000  0.000000  0.190251
0.000000  0.000000  0.000000  0.243918  0.600910  0.000000  0.000000  0.155171
0.000000  0.000000  0.000000  0.000000  0.835121  0.000000  0.000000  0.164878
0.000000  0.000000  0.000000  0.000000  0.812114  0.000000  0.000000  0.187885
0.000000  0.000000  0.000000  0.302626  0.580591  0.022672  0.000000  0.094111
0.000000  0.000000  0.000000  0.273143  0.612286  0.000000  0.000000  0.114571
0.000000  0.000000  0.000000  0.364451  0.576893  0.000000  0.000000  0.058655
0.000000  0.000000  0.000000  0.000000  0.000000  0.582872  0.000000  0.417125
0.000000  0.000000  0.000000  0.000000  0.000000  0.000000  0.000000  0.999999
0.000000  0.000000  0.000000  0.000000  0.000000  0.000000  0.000000  0.999999
0.000000  0.000000  0.000000  0.000000  0.000000  0.000000  0.000000  0.999999
0.000000  0.000000  0.000000  0.000000  0.000000  0.000000  0.000000  0.999999
0.000000  0.000000  0.000000  0.000000  0.000000  0.000000  0.000000  0.999999
0.000000  0.000000  0.000000  0.000000  0.000000  0.000000  0.000000  0.999999
0.000000  0.000000  0.000000  0.000000  0.000000  0.000000  0.000000  0.999999
0.000000  0.000000  0.000000  0.000000  0.000000  0.000000  0.000000  0.999999
0.000000  0.000000  0.000000  0.000000  0.000000  0.000000  0.000000  0.999999
0.000000  0.000000  0.000000  0.000000  0.000000  0.000000  0.000000  0.999999
0.000000  0.000000  0.000000  0.000000  0.000000  0.000000  0.000000  0.999999
0.000000  0.000000  0.000000  0.000000  0.000000  0.000000  0.000000  0.999999
0.000000  0.000000  0.000000  0.000000  0.000000  0.000000  0.000000  0.999999
0.000000  0.000000  0.000000  0.876025  0.000000  0.123974  0.000000  0.000000
0.000000  0.000000  0.000000  0.843280  0.000000  0.000000  0.000000  0.156719
0.000000  0.000000  0.000000  0.530157  0.403873  0.000000  0.000000  0.065969
0.000000  0.000000  0.000000  0.461216  0.472712  0.000000  0.000000  0.066071
0.000000  0.000000  0.000000  0.643420  0.188491  0.000000  0.000000  0.168088
0.000000  0.000000  0.000000  0.856194  0.000000  0.090891  0.000000  0.052914
0.000000  0.000000  0.000000  0.556600  0.396460  0.000000  0.000000  0.046940
0.000000  0.000000  0.000000  0.517016  0.381537  0.000000  0.000000  0.101446
0.000000  0.000000  0.000000  0.733946  0.220711  0.000000  0.000000  0.045342
0.000000  0.000000  0.000000  0.693076  0.245313  0.000000  0.000000  0.061610
0.000000  0.000000  0.000000  0.705917  0.230257  0.000000  0.000000  0.063826
0.000000  0.000000  0.000000  0.668547  0.249600  0.000000  0.000000  0.081852
0.000000  0.000000  0.000000  0.724906  0.203808  0.000000  0.000000  0.071286
0.000000  0.000000  0.000000  0.802815  0.197184  0.000000  0.000000  0.000000
0.000000  0.000000  0.000000  0.880915  0.000000  0.000000  0.000000  0.119084
0.000000  0.000000  0.000000  0.750930  0.237704  0.000000  0.000000  0.011366
0.000000  0.000000  0.000000  0.903253  0.000000  0.000000  0.000000  0.096746
0.000000  0.000000  0.000000  0.722816  0.201767  0.000000  0.000000  0.075417
0.000000  0.000000  0.000000  0.704628  0.218228  0.000000  0.000000  0.077143
0.000000  0.000000  0.000000  0.000000  0.000000  0.000000  0.077060  0.922938
0.000000  0.000000  0.000000  0.000000  0.528451  0.000000  0.000000  0.471548
0.000000  0.000000  0.034998  0.000000  0.000000  0.000000  0.000000  0.964999
0.000000  0.000000  0.000000  0.000000  0.000000  0.000000  0.000000  0.999999
0.000000  0.000000  0.000000  0.882232  0.000000  0.000000  0.000000  0.117767
0.000000  0.000000  0.000000  0.718323  0.217968  0.000000  0.000000  0.063707
0.000000  0.000000  0.000000  0.000000  0.899790  0.000000  0.000000  0.100209
0.000000  0.000000  0.000000  0.219421  0.671543  0.000000  0.000000  0.109036
0.000000  0.000000  0.000000  0.000000  0.895502  0.000000  0.000000  0.104497
0.000000  0.000000  0.000000  0.000000  0.917648  0.000000  0.000000  0.082351
0.000000  0.000000  0.000000  0.000000  0.999999  0.000000  0.000000  0.000000
0.000000  0.000000  0.000000  0.000000  0.910286  0.000000  0.000000  0.089713
0.000000  0.000000  0.000000  0.000000  0.888958  0.000000  0.000000  0.111041
0.000000  0.000000  0.000000  0.000000  0.920742  0.000000  0.000000  0.079258
0.000000  0.000000  0.000000  0.000000  0.000000  0.000000  0.000000  0.999999
