0.000000  0.024233  0.000000  0.975766
0.000000  0.000000  0.000000  0.999999
0.000000  0.000000  0.000000  0.999999
0.000000  0.000000  0.000000  0.999999
0.000000  0.000000  0.000000  0.999999
0.000000  0.000000  0.000000  0.999999
0.000000  0.000000  0.000039  0.999961
0.000000  0.000000  0.007716  0.992283
0.000000  0.000000  0.012817  0.987182
0.000000  0.000000  0.000000  0.999999
0.000000  0.000000  0.000000  0.999999
0.000000  0.000000  0.000000  0.999999
0.000000  0.000000  0.000000  0.999999
0.000000  0.000000  0.000000  0.999999
0.000000  0.040018  0.000000  0.959982
0.000000  0.000000  0.169032  0.830968
0.000000  0.000000  0.176139  0.823861
0.000000  0.000000  0.199319  0.800681
0.000000  0.000000  0.154475  0.845524
0.000000  0.000000  0.000000  0.999999
0.000000  0.015243  0.000000  0.984757
0.000000  0.000000  0.000000  0.999999
0.000000  0.000000  0.450738  0.549262
0.000000  0.000000  0.427252  0.572748
0.000000  0.000000  0.445218  0.554782
0.000000  0.000000  0.493440  0.506560
0.000000  0.000000  0.545774  0.454225
0.000000  0.000000  0.499461  0.500539
0.000000  0.000000  0.429792  0.570208
0.000000  0.000000  0.428033  0.571966
0.000000  0.000000  0.427277  0.572723
0.000000  0.000000  0.405978  0.594022
0.000000  0.000000  0.429955  0.570044
0.000000  0.000000  0.375417  0.624582
0.000000  0.000000  0.310488  0.689511
0.000000  0.000000  0.315209  0.684791
0.000000  0.000000  0.350144  0.649855
0.000000  0.000000  0.005523  0.994476
0.000000  0.000000  0.092362  0.907637
0.316610  0.000000  0.000000  0.683390
0.000000  0.000000  0.000000  0.999999
0.000000  0.000000  0.000000  0.999999
0.000000  0.000000  0.214493  0.785507
0.000000  0.000000  0.324387  0.675612
0.000000  0.000000  0.289904  0.710096
0.000000  0.000000  0.282225  0.717774
0.000000  0.000000  0.353685  0.646315
0.000000  0.000000  0.235283  0.764717
0.000000  0.000000  0.269961  0.730039
0.000000  0.000000  0.241856  0.758144
0.000000  0.000000  0.999999  0.000000
0.000000  0.000000  0.999999  0.000000
0.000000  0.000000  0.999999  0.000000
0.000000  0.000000  0.999999  0.000000
0.000000  0.000000  0.999999  0.000000
0.000000  0.000000  0.999999  0.000000
0.000000  0.000000  0.999999  0.000000
0.000000  0.000000  0.999999  0.000000
0.000000  0.000000  0.999999  0.000000
0.000000  0.000000  0.799730  0.200270
0.000000  0.000000  0.821690  0.178310
0.000000  0.000000  0.771726  0.228274
0.000000  0.000000  0.801512  0.198488
0.000000  0.000000  0.794155  0.205844
0.000000  0.000000  0.818172  0.181827
0.000000  0.000000  0.791607  0.208392
0.000000  0.000000  0.770936  0.229064
0.000000  0.000000  0.833310  0.166690
0.000000  0.000000  0.809490  0.190509
0.000000  0.000000  0.809778  0.190222
0.000000  0.001660  0.783769  0.214571
0.000000  0.000000  0.811048  0.188952
0.000000  0.000000  0.823555  0.176445
0.000000  0.000000  0.758105  0.241895
0.000000  0.001898  0.772443  0.225659
0.000000  0.000000  0.768847  0.231153
0.000000  0.009328  0.810961  0.179711
0.000000  0.019713  0.790617  0.189670
0.000000  0.000000  0.795511  0.204488
0.000000  0.000113  0.769131  0.230756
0.000000  0.012470  0.765467  0.222063
0.000000  0.003861  0.793622  0.202516
0.000000  0.000000  0.601024  0.398976
0.000000  0.007836  0.663414  0.328750
0.000000  0.000000  0.581136  0.418864
0.000000  0.040203  0.658022  0.301775
0.000000  0.000000  0.642656  0.357343
0.000000  0.000000  0.610562  0.389438
0.000000  0.000000  0.658102  0.341898
0.000000  0.000000  0.620159  0.379841
0.000000  0.000000  0.614753  0.385246
0.000000  0.000000  0.698569  0.301431
0.000000  0.000000  0.765165  0.234835
0.000000  0.000000  0.751663  0.248337
0.000000  0.000000  0.708866  0.291134
0.000000  0.000000  0.776345  0.223654
0.000000  0.000000  0.698878  0.301122
0.000000  0.000000  0.722665  0.277335
0.000000  0.005968  0.709820  0.284211
0.000000  0.000053  0.792079  0.207868
0.000000  0.002380  0.685138  0.312481
0.000000  0.011574  0.727549  0.260877
0.000000  0.000000  0.501811  0.498188
0.000000  0.000000  0.517568  0.482432
0.000000  0.001530  0.536387  0.462083
0.000000  0.000000  0.000000  0.999999
0.000000  0.000000  0.000000  0.999999
0.000000  0.000000  0.000000  0.999999
0.000000  0.000000  0.000000  0.999999
0.000000  0.000000  0.000000  0.999999
0.000000  0.018725  0.000000  0.981274
0.000000  0.000000  0.000000  0.999999
0.000000  0.000000  0.208651  0.791349
0.000000  0.000000  0.151787  0.848213
0.000000  0.000000  0.145189  0.854811
0.000000  0.000000  0.000000  0.999999
0.000000  0.000000  0.000000  0.999999
0.000000  0.000000  0.000000  0.999999
0.000000  0.000000  0.328912  0.671087
0.000000  0.000162  0.320980  0.678859
0.000000  0.000000  0.265321  0.734679
0.000000  0.000000  0.369629  0.630370
0.000000  0.000896  0.372638  0.626466
0.000000  0.057373  0.000000  0.942627
0.000000  0.013081  0.986918  0.000000
0.000000  0.053343  0.945490  0.001167
0.000000  0.000000  0.887647  0.112353
0.000000  0.004020  0.995979  0.000000
0.687098  0.037383  0.000000  0.275519
0.690503  0.000000  0.000000  0.309496
0.683442  0.000000  0.000000  0.316557
0.000000  0.000000  0.695199  0.304801
0.000000  0.999999  0.000000  0.000000
0.000000  0.641758  0.358242  0.000000
0.000000  0.249097  0.750902  0.000000
0.000000  0.785973  0.214026  0.000000
0.000000  0.092805  0.907194  0.000000
0.000000  0.999999  0.000000  0.000000
0.000000  0.999999  0.000000  0.000000
0.000000  0.999999  0.000000  0.000000
0.000000  0.999999  0.000000  0.000000
0.000000  0.999999  0.000000  0.000000
0.000000  0.999999  0.000000  0.000000
0.000000  0.999999  0.000000  0.000000
0.000000  0.999999  0.000000  0.000000
0.000000  0.999999  0.000000  0.000000
0.000000  0.999999  0.000000  0.000000
0.000000  0.999999  0.000000  0.000000
0.000000  0.999999  0.000000  0.000000
0.000000  0.440694  0.559306  0.000000
0.000000  0.999999  0.000000  0.000000
0.000000  0.339875  0.660124  0.000000
0.000000  0.349564  0.650285  0.000151
0.000000  0.476085  0.522593  0.001322
0.000000  0.087159  0.912841  0.000000
0.000000  0.024762  0.974550  0.000689
0.000000  0.016944  0.980822  0.002234
0.000000  0.008501  0.991103  0.000396
0.000000  0.027905  0.972095  0.000000
0.000000  0.100076  0.899923  0.000000
0.000000  0.000000  0.991555  0.008445
0.000000  0.000000  0.995255  0.004744
0.000000  0.003151  0.996848  0.000000
0.000000  0.000000  0.983076  0.016924
0.000000  0.103529  0.896471  0.000000
0.000000  0.067269  0.926623  0.006108
0.000000  0.091759  0.906881  0.001360
0.000000  0.094202  0.905797  0.000000
0.000000  0.128555  0.871430  0.000015
0.000000  0.061414  0.890975  0.047611
0.000000  0.075698  0.909883  0.014418
0.000000  0.170189  0.829811  0.000000
0.000000  0.055993  0.935530  0.008477
0.000000  0.025553  0.896745  0.077702
0.000000  0.095497  0.904433  0.000070
0.000000  0.000000  0.877340  0.122659
0.000000  0.062127  0.838362  0.099510
0.000000  0.000000  0.804284  0.195716
0.000000  0.000793  0.894979  0.104228
0.000000  0.000000  0.779841  0.220159
0.000000  0.000000  0.867507  0.132493
0.000000  0.000000  0.827615  0.172385
0.000000  0.108205  0.826168  0.065627
0.000000  0.000000  0.841194  0.158806
0.000000  0.005922  0.812103  0.181974
0.000000  0.060733  0.939266  0.000001
0.000000  0.000000  0.802749  0.197251
0.000000  0.137089  0.848762  0.014149
0.000000  0.000000  0.877351  0.122649
0.000000  0.000000  0.769113  0.230887
0.000000  0.000000  0.898774  0.101225
0.000000  0.000000  0.782763  0.217237
0.000000  0.000000  0.879450  0.120550
0.000000  0.000000  0.827032  0.172967
0.000000  0.000000  0.851219  0.148780
0.000000  0.999999  0.000000  0.000000
0.000000  0.000000  0.999999  0.000000
0.000000  0.000000  0.999999  0.000000
0.000000  0.000000  0.999999  0.000000
0.000000  0.000000  0.999999  0.000000
0.000000  0.000000  0.999999  0.000000
0.000000  0.000000  0.999999  0.000000
0.000000  0.000000  0.999999  0.000000
0.000000  0.000000  0.999999  0.000000
0.000000  0.041135  0.958864  0.000000
0.000000  0.000000  0.999999  0.000000
0.000000  0.121890  0.846254  0.031855
0.000000  0.136168  0.806922  0.056910
0.000000  0.086189  0.814682  0.099128
0.000000  0.129433  0.794175  0.076392
0.000000  0.085103  0.914896  0.000000
0.000000  0.067986  0.842247  0.089766
0.000000  0.108861  0.855720  0.035419
0.000000  0.015476  0.971271  0.013253
0.000000  0.000000  0.753518  0.246482
0.000000  0.125767  0.850410  0.023823
0.000000  0.999999  0.000000  0.000000
0.000000  0.999999  0.000000  0.000000
0.000000  0.999999  0.000000  0.000000
0.000001  0.999996  0.000001  0.000001
0.000002  0.830573  0.169423  0.000002
0.000000  0.791797  0.208203  0.000000
0.000001  0.771710  0.228289  0.000001
0.000001  0.999998  0.000001  0.000001
0.000001  0.785416  0.214582  0.000001
0.000000  0.000000  0.999999  0.000000
0.000000  0.061204  0.938613  0.000183
0.000001  0.020674  0.979325  0.000001
0.000000  0.024035  0.975965  0.000000
0.000000  0.000000  0.999999  0.000000
0.000000  0.002686  0.997313  0.000000
0.000000  0.000000  0.999999  0.000000
0.000000  0.000146  0.999853  0.000000
0.000000  0.000000  0.999999  0.000000
0.000000  0.484697  0.470935  0.044368
0.999995  0.000002  0.000002  0.000002
0.999996  0.000001  0.000001  0.000001
0.999999  0.000000  0.000000  0.000000
0.999999  0.000000  0.000000  0.000000
0.999999  0.000000  0.000000  0.000000
0.999999  0.000000  0.000000  0.000000
0.999999  0.000000  0.000000  0.000000
0.999999  0.000000  0.000000  0.000000
0.999999  0.000000  0.000000  0.000000
0.999999  0.000000  0.000000  0.000000
0.999999  0.000000  0.000000  0.000000
0.000001  0.330138  0.408135  0.261727
0.000000  0.999999  0.000000  0.000000
0.000000  0.999999  0.000000  0.000000
0.000000  0.999999  0.000000  0.000000
0.000000  0.999999  0.000000  0.000000
0.000000  0.999999  0.000000  0.000000
0.000000  0.999999  0.000000  0.000000
0.000000  0.999999  0.000000  0.000000
0.000000  0.999999  0.000000  0.000000
0.000000  0.999999  0.000000  0.000000
0.000000  0.999999  0.000000  0.000000
0.000000  0.999999  0.000000  0.000000
0.000000  0.906470  0.000000  0.093530
0.000000  0.999999  0.000000  0.000000
0.000000  0.000000  0.750973  0.249027
0.000000  0.125230  0.874688  0.000081
0.000000  0.254783  0.745216  0.000000
0.000000  0.000000  0.999999  0.000000
0.000000  0.000000  0.999999  0.000000
0.000000  0.096460  0.903540  0.000000
0.000000  0.022785  0.826911  0.150303
0.000000  0.000000  0.999999  0.000000
0.000000  0.013962  0.986037  0.000000
0.000000  0.000981  0.999018  0.000000
0.000000  0.012301  0.987698  0.000000
0.000000  0.011632  0.988368  0.000000
0.000000  0.023901  0.976099  0.000000
0.000000  0.025675  0.974325  0.000000
0.000000  0.000000  0.999999  0.000000
0.000000  0.090451  0.909548  0.000000
0.000000  0.000000  0.999274  0.000726
0.000000  0.070889  0.918611  0.010500
0.000000  0.385986  0.614014  0.000000
0.000000  0.025943  0.974056  0.000000
0.000000  0.000000  0.999999  0.000000
0.000000  0.104078  0.836775  0.059146
0.000000  0.017508  0.982491  0.000000
0.000000  0.000000  0.999999  0.000000
0.000000  0.015451  0.984549  0.000000
0.000000  0.000000  0.999999  0.000000
0.000000  0.000000  0.999999  0.000000
0.000000  0.000000  0.999999  0.000000
0.000000  0.000000  0.999999  0.000000
0.000000  0.000000  0.999999  0.000000
0.000000  0.000000  0.999999  0.000000
0.000000  0.556090  0.443909  0.000000
0.000000  0.315758  0.684242  0.000000
0.000001  0.836275  0.163724  0.000001
0.000000  0.780964  0.219036  0.000000
0.000000  0.999999  0.000000  0.000000
0.000000  0.110093  0.888664  0.001242
0.000000  0.136378  0.860457  0.003164
0.000000  0.019360  0.424560  0.556080
0.000001  0.531102  0.468895  0.000001
0.000000  0.194646  0.756994  0.048360
0.000001  0.184826  0.000001  0.815172
0.000001  0.125892  0.874106  0.000001
0.000000  0.007185  0.992814  0.000000
0.000000  0.011606  0.701922  0.286472
0.000001  0.147280  0.660382  0.192337
0.000000  0.447094  0.000000  0.552906
0.000000  0.216056  0.000000  0.783943
0.000000  0.356410  0.000000  0.643589
0.000000  0.079546  0.000000  0.920453
0.000000  0.639928  0.000000  0.360071
0.000000  0.215891  0.000000  0.784108
