0.000000  0.000000  0.000000  0.999999
0.000000  0.000000  0.000000  0.999999
0.000000  0.000000  0.000000  0.999999
0.000000  0.000000  0.000000  0.999999
0.000000  0.000000  0.000000  0.999999
0.000000  0.000000  0.000000  0.999999
0.000000  0.000000  0.000000  0.999999
0.000000  0.000000  0.000000  0.999999
0.000000  0.000000  0.000000  0.999999
0.000000  0.000000  0.000000  0.999999
0.000000  0.000000  0.000000  0.999999
0.100940  0.000000  0.000000  0.899059
0.037217  0.000000  0.000000  0.962783
0.020269  0.000000  0.000000  0.979730
0.000000  0.000000  0.465633  0.534367
0.000000  0.000000  0.472765  0.527235
0.000000  0.000000  0.575053  0.424946
0.000000  0.000000  0.576652  0.423348
0.000000  0.000000  0.548998  0.451002
0.000000  0.000000  0.502323  0.497676
0.000000  0.000000  0.557488  0.442511
0.000000  0.000000  0.501982  0.498017
0.000000  0.000000  0.747208  0.252792
0.000000  0.000000  0.731407  0.268593
0.000000  0.000000  0.740697  0.259303
0.000000  0.000000  0.743676  0.256323
0.000000  0.000000  0.785693  0.214307
0.000000  0.000000  0.744121  0.255879
0.000000  0.000000  0.752721  0.247279
0.000000  0.000000  0.753055  0.246944
0.000000  0.000000  0.750637  0.249362
0.000000  0.000000  0.708430  0.291569
0.000000  0.000000  0.726992  0.273008
0.000000  0.000000  0.684838  0.315162
0.000000  0.000000  0.621925  0.378075
0.000000  0.000000  0.644226  0.355773
0.000000  0.000000  0.663188  0.336811
0.000000  0.000000  0.174230  0.825769
0.028880  0.000000  0.000000  0.971119
0.000000  0.326570  0.202912  0.470518
0.000000  0.000000  0.000000  0.999999
0.000000  0.000000  0.000000  0.999999
0.000000  0.000000  0.463807  0.536192
0.000000  0.000000  0.605247  0.394753
0.000000  0.000000  0.569139  0.430861
0.000000  0.000000  0.592150  0.407849
0.000000  0.000000  0.650969  0.349031
0.000000  0.000000  0.553063  0.446936
0.000000  0.000000  0.577858  0.422142
0.000000  0.000000  0.582097  0.417903
0.000000  0.000000  0.998871  0.001128
0.000000  0.000000  0.993340  0.006659
0.000000  0.000000  0.994827  0.005173
0.000000  0.000000  0.996555  0.003444
0.000000  0.000000  0.995891  0.004109
0.000000  0.000000  0.994415  0.005585
0.008346  0.000001  0.991508  0.000146
0.000000  0.000000  0.997277  0.002722
0.000000  0.000000  0.986327  0.013672
0.000000  0.000000  0.923906  0.076094
0.000000  0.000000  0.939370  0.060629
0.000000  0.000000  0.893032  0.106967
0.000000  0.000000  0.973831  0.026169
0.000000  0.000000  0.967430  0.032570
0.000000  0.000000  0.986185  0.013815
0.000000  0.000000  0.970094  0.029906
0.000598  0.000000  0.965704  0.033698
0.000000  0.000000  0.991605  0.008395
0.000000  0.000000  0.980684  0.019315
0.000000  0.000000  0.980821  0.019179
0.000000  0.000000  0.966449  0.033550
0.000000  0.000000  0.980887  0.019112
0.000000  0.000000  0.999999  0.000000
0.000000  0.000000  0.968290  0.031709
0.000000  0.000000  0.984152  0.015847
0.000000  0.000000  0.980324  0.019675
0.000000  0.000000  0.997135  0.002864
0.000000  0.000000  0.997315  0.002685
0.000000  0.000000  0.991465  0.008535
0.000000  0.000000  0.970873  0.029126
0.009903  0.000000  0.974775  0.015322
0.000000  0.000000  0.988744  0.011255
0.000000  0.000000  0.896913  0.103086
0.000000  0.000000  0.952454  0.047545
0.000000  0.000000  0.900980  0.099020
0.037117  0.000000  0.916559  0.046323
0.000000  0.000000  0.924431  0.075569
0.000000  0.000000  0.895000  0.105000
0.000000  0.000000  0.915249  0.084751
0.000000  0.000000  0.884696  0.115303
0.000000  0.000000  0.916287  0.083712
0.000000  0.000000  0.946667  0.053333
0.000000  0.000000  0.990929  0.009071
0.000000  0.000000  0.983092  0.016908
0.000000  0.000000  0.939938  0.060061
0.000000  0.000000  0.987074  0.012925
0.000000  0.000000  0.946196  0.053803
0.000000  0.000000  0.979005  0.020994
0.000000  0.000000  0.944903  0.055097
0.000000  0.000000  0.998777  0.001222
0.000000  0.000000  0.918987  0.081013
0.008288  0.000000  0.955677  0.036035
0.000000  0.000000  0.816491  0.183509
0.000000  0.000000  0.828586  0.171413
0.000000  0.000000  0.840698  0.159301
0.000000  0.000000  0.000000  0.999999
0.000000  0.000000  0.000000  0.999999
0.000000  0.000000  0.000000  0.999999
0.000000  0.000000  0.000000  0.999999
0.000000  0.000000  0.481397  0.518602
0.000014  0.000000  0.544743  0.455243
0.000000  0.000000  0.506248  0.493751
0.000000  0.000000  0.613714  0.386285
0.000000  0.000000  0.593110  0.406889
0.000000  0.000000  0.582477  0.417522
0.000000  0.000000  0.633542  0.366457
0.000000  0.000000  0.608343  0.391656
0.000000  0.000000  0.618972  0.381027
0.000000  0.000000  0.711798  0.288201
0.000000  0.000000  0.700716  0.299283
0.000000  0.000000  0.661856  0.338143
0.000000  0.000000  0.739786  0.260213
0.000000  0.053967  0.722754  0.223279
0.000000  0.024175  0.716106  0.259719
0.022909  0.000000  0.977090  0.000000
0.060490  0.000000  0.939509  0.000000
0.000000  0.000000  0.999893  0.000106
0.028000  0.000000  0.971999  0.000000
0.087575  0.912424  0.000000  0.000000
0.082606  0.917394  0.000000  0.000000
0.085397  0.914603  0.000000  0.000000
0.000000  0.000000  0.876505  0.123494
0.999999  0.000000  0.000000  0.000001
0.628503  0.000000  0.371496  0.000000
0.248571  0.000000  0.751428  0.000000
0.770100  0.000000  0.229900  0.000000
0.100084  0.000000  0.899915  0.000000
0.999999  0.000000  0.000000  0.000000
0.999999  0.000000  0.000000  0.000000
0.999999  0.000000  0.000000  0.000000
0.999999  0.000000  0.000000  0.000000
0.999999  0.000000  0.000000  0.000000
0.999999  0.000000  0.000000  0.000000
0.999999  0.000000  0.000000  0.000000
0.999999  0.000000  0.000000  0.000000
0.999999  0.000000  0.000000  0.000000
0.999999  0.000000  0.000000  0.000000
0.999999  0.000000  0.000000  0.000000
0.999999  0.000000  0.000000  0.000000
0.415679  0.000000  0.584320  0.000000
0.999999  0.000000  0.000000  0.000000
0.316355  0.000000  0.683645  0.000000
0.321026  0.000000  0.678974  0.000000
0.445897  0.000000  0.554102  0.000000
0.099037  0.000001  0.900962  0.000000
0.000000  0.000000  0.999999  0.000000
0.000000  0.000000  0.999999  0.000000
0.010740  0.000000  0.989259  0.000000
0.038579  0.000000  0.961420  0.000000
0.111154  0.000001  0.888845  0.000001
0.020242  0.000000  0.979758  0.000000
0.000000  0.000000  0.999999  0.000000
0.006544  0.000000  0.993455  0.000000
0.000000  0.000000  0.999999  0.000000
0.113556  0.000001  0.886442  0.000001
0.071917  0.000000  0.928082  0.000000
0.098567  0.000001  0.901433  0.000000
0.103850  0.000000  0.896149  0.000000
0.137226  0.000000  0.862773  0.000000
0.065082  0.000000  0.934917  0.000000
0.080465  0.000000  0.919534  0.000000
0.181649  0.000000  0.818350  0.000000
0.059329  0.000000  0.940671  0.000000
0.031569  0.000000  0.968430  0.000000
0.098615  0.000000  0.901385  0.000000
0.000000  0.000000  0.999376  0.000623
0.065884  0.000000  0.933982  0.000134
0.000000  0.000000  0.971492  0.028507
0.002502  0.000000  0.997345  0.000153
0.000000  0.000000  0.956060  0.043939
0.000000  0.000000  0.992952  0.007047
0.000000  0.000000  0.966756  0.033243
0.114960  0.000001  0.885039  0.000001
0.000000  0.000000  0.988174  0.011826
0.005532  0.000001  0.979430  0.015038
0.070495  0.000000  0.929505  0.000000
0.000000  0.000000  0.960222  0.039777
0.140256  0.000000  0.859743  0.000000
0.000000  0.000000  0.999384  0.000616
0.000000  0.000000  0.948081  0.051918
0.000000  0.000000  0.966008  0.033991
0.000000  0.000000  0.941910  0.058089
0.000000  0.000000  0.997116  0.002883
0.000000  0.000000  0.974950  0.025049
0.000000  0.000001  0.992055  0.007944
0.999999  0.000000  0.000000  0.000000
0.016843  0.000001  0.983155  0.000001
0.000000  0.000000  0.999998  0.000001
0.000000  0.000000  0.999999  0.000000
0.000000  0.000000  0.999999  0.000000
0.000000  0.000000  0.999999  0.000000
0.000000  0.000000  0.999999  0.000000
0.000000  0.000001  0.999999  0.000000
0.000000  0.000000  0.999999  0.000000
0.049480  0.000000  0.950520  0.000000
0.000000  0.000000  0.999999  0.000000
0.126494  0.000001  0.873505  0.000000
0.135864  0.000001  0.864135  0.000001
0.082486  0.000000  0.916408  0.001106
0.128334  0.000001  0.871665  0.000000
0.000000  0.000000  0.999999  0.000000
0.066364  0.000000  0.932762  0.000874
0.112564  0.000000  0.887435  0.000000
0.016805  0.000000  0.983194  0.000000
0.013855  0.000001  0.916510  0.069635
0.128209  0.000001  0.871790  0.000000
0.999999  0.000000  0.000000  0.000000
0.999999  0.000000  0.000000  0.000000
0.999998  0.000001  0.000001  0.000001
0.999994  0.000002  0.000002  0.000002
0.805828  0.000004  0.194166  0.000002
0.766566  0.000001  0.233433  0.000001
0.746388  0.000001  0.253611  0.000001
0.999998  0.000001  0.000001  0.000001
0.757138  0.000001  0.242860  0.000001
0.001353  0.000001  0.998646  0.000001
0.066241  0.000000  0.933758  0.000000
0.000001  0.000001  0.999998  0.000001
0.043055  0.000000  0.956944  0.000000
0.000000  0.000000  0.999999  0.000000
0.000000  0.000000  0.999999  0.000000
0.000000  0.000001  0.999999  0.000000
0.000000  0.000000  0.999999  0.000000
0.000000  0.000000  0.999999  0.000000
0.475049  0.000000  0.524391  0.000560
0.000002  0.999993  0.000002  0.000002
0.000003  0.999994  0.000002  0.000002
0.000000  0.999999  0.000000  0.000000
0.000000  0.999999  0.000000  0.000000
0.000000  0.999999  0.000000  0.000000
0.000000  0.999999  0.000000  0.000000
0.000000  0.999999  0.000000  0.000000
0.000000  0.999999  0.000000  0.000000
0.000000  0.999999  0.000000  0.000000
0.000000  0.999999  0.000000  0.000000
0.000000  0.999999  0.000000  0.000000
0.320584  0.000001  0.545886  0.133529
0.999999  0.000000  0.000000  0.000000
0.999999  0.000000  0.000000  0.000000
0.999999  0.000000  0.000000  0.000000
0.999999  0.000000  0.000000  0.000000
0.999999  0.000000  0.000000  0.000000
0.999999  0.000000  0.000000  0.000000
0.999999  0.000000  0.000000  0.000000
0.999999  0.000000  0.000000  0.000000
0.999999  0.000000  0.000000  0.000000
0.999999  0.000000  0.000000  0.000000
0.999999  0.000000  0.000000  0.000000
0.867780  0.000000  0.132219  0.000000
0.999999  0.000000  0.000000  0.000000
0.000000  0.000000  0.936734  0.063265
0.131539  0.000000  0.868460  0.000000
0.261205  0.000000  0.738795  0.000000
0.000708  0.000000  0.999291  0.000000
0.000000  0.000001  0.999999  0.000000
0.000001  0.000001  0.999998  0.000001
0.028331  0.000000  0.959673  0.011995
0.000000  0.000000  0.999999  0.000000
0.000000  0.000000  0.999999  0.000000
0.009017  0.000001  0.990982  0.000000
0.021694  0.000000  0.978306  0.000000
0.022455  0.000000  0.977544  0.000000
0.000000  0.000000  0.999999  0.000000
0.033354  0.000001  0.966646  0.000000
0.000000  0.000000  0.999999  0.000000
0.101932  0.000000  0.898067  0.000000
0.000000  0.000000  0.999999  0.000000
0.077780  0.000001  0.922219  0.000000
0.388712  0.000000  0.611287  0.000000
0.039850  0.000001  0.960149  0.000000
0.034078  0.000001  0.965920  0.000000
0.103956  0.000001  0.896044  0.000000
0.000000  0.000001  0.999999  0.000000
0.000000  0.000000  0.999999  0.000000
0.022298  0.000000  0.977701  0.000000
0.000000  0.000000  0.999999  0.000000
0.000000  0.000000  0.999999  0.000000
0.000000  0.000000  0.999999  0.000000
0.000000  0.000001  0.999999  0.000000
0.000000  0.000000  0.999999  0.000000
0.000000  0.000000  0.999999  0.000000
0.550023  0.000000  0.449976  0.000000
0.318794  0.000000  0.681205  0.000000
0.820535  0.000001  0.179464  0.000001
0.763348  0.000001  0.236651  0.000000
0.999999  0.000000  0.000000  0.000000
0.118410  0.000001  0.881589  0.000001
0.142497  0.000001  0.857502  0.000001
0.000001  0.000001  0.768087  0.231911
0.524562  0.000003  0.475434  0.000002
0.197014  0.000001  0.802985  0.000001
0.243504  0.000002  0.000001  0.756493
0.143415  0.000001  0.856581  0.000002
0.024931  0.000001  0.975068  0.000001
0.000001  0.000001  0.916719  0.083279
0.152035  0.000001  0.734763  0.113200
0.460846  0.000000  0.000000  0.539153
0.248382  0.000001  0.000001  0.751617
0.381067  0.000000  0.000000  0.618932
0.122225  0.000001  0.000001  0.877774
0.650160  0.000001  0.000001  0.349839
0.252209  0.000001  0.000001  0.747790
