0.000001  0.827411  0.172588  0.000001
0.000001  0.838370  0.000565  0.161064
0.062905  0.920204  0.000328  0.016563
0.935096  0.000000  0.000000  0.064904
0.999999  0.000000  0.000000  0.000000
0.999999  0.000000  0.000000  0.000000
0.999999  0.000000  0.000000  0.000000
0.999999  0.000000  0.000000  0.000000
0.999999  0.000000  0.000000  0.000000
0.999999  0.000000  0.000000  0.000000
0.893951  0.000000  0.106048  0.000000
0.891989  0.000000  0.108010  0.000000
0.999999  0.000000  0.000000  0.000000
0.999999  0.000000  0.000000  0.000000
0.519616  0.422397  0.000000  0.057987
0.557560  0.442440  0.000000  0.000000
0.672462  0.327537  0.000000  0.000000
0.323228  0.666937  0.000000  0.009835
0.303592  0.696408  0.000000  0.000000
0.172766  0.827234  0.000000  0.000000
0.185408  0.814592  0.000000  0.000000
0.190176  0.809823  0.000000  0.000000
0.191374  0.808625  0.000000  0.000000
0.166404  0.833595  0.000000  0.000000
0.199696  0.800304  0.000000  0.000000
0.096129  0.898306  0.005564  0.000000
0.104799  0.891752  0.003449  0.000000
0.106713  0.876863  0.016424  0.000000
0.113722  0.797238  0.089040  0.000000
0.079484  0.830759  0.089756  0.000000
0.115620  0.795254  0.089125  0.000000
0.072795  0.902223  0.024983  0.000000
0.073388  0.901651  0.024961  0.000000
0.076398  0.908301  0.015300  0.000000
0.000001  0.790892  0.000001  0.209107
0.126851  0.801241  0.071908  0.000000
0.111461  0.788231  0.100308  0.000000
0.144829  0.800285  0.054886  0.000000
0.195309  0.739541  0.065149  0.000000
0.165666  0.782567  0.051767  0.000000
0.155145  0.796839  0.048015  0.000000
0.999999  0.000000  0.000000  0.000000
0.793455  0.000000  0.206545  0.000000
0.507829  0.492171  0.000000  0.000000
0.534833  0.465167  0.000000  0.000000
0.364148  0.596693  0.039158  0.000000
0.228231  0.692267  0.079502  0.000000
0.258250  0.655463  0.086286  0.000000
0.238403  0.656752  0.104844  0.000000
0.176553  0.740408  0.083038  0.000000
0.255332  0.696411  0.048257  0.000000
0.237096  0.702278  0.060625  0.000000
0.219440  0.747178  0.033381  0.000000
0.000086  0.000000  0.999913  0.000000
0.000000  0.000000  0.999999  0.000000
0.000350  0.000000  0.999649  0.000000
0.000000  0.073118  0.926881  0.000000
0.000000  0.000000  0.995829  0.004170
0.012876  0.000000  0.987123  0.000000
0.000000  0.000000  0.999999  0.000000
0.000000  0.000000  0.999999  0.000000
0.000000  0.000000  0.999999  0.000000
0.028833  0.533209  0.437957  0.000000
0.018805  0.515526  0.465669  0.000000
0.045170  0.529106  0.425724  0.000000
0.000000  0.997896  0.002103  0.000000
0.000000  0.990025  0.009975  0.000000
0.000000  0.999540  0.000000  0.000460
0.000000  0.994080  0.005919  0.000000
0.000000  0.999999  0.000000  0.000000
0.000000  0.988548  0.011452  0.000000
0.000000  0.999999  0.000000  0.000000
0.000000  0.990005  0.009994  0.000000
0.000000  0.988485  0.011515  0.000000
0.000000  0.993229  0.006771  0.000000
0.000000  0.999999  0.000000  0.000000
0.000000  0.998426  0.000000  0.001574
0.000000  0.999999  0.000000  0.000000
0.000000  0.999999  0.000000  0.000000
0.000000  0.999999  0.000000  0.000000
0.000000  0.971253  0.000000  0.028746
0.000000  0.999999  0.000000  0.000000
0.000000  0.999999  0.000000  0.000000
0.000000  0.985299  0.000000  0.014701
0.000000  0.992610  0.000000  0.007390
0.000000  0.999999  0.000000  0.000000
0.000000  0.989736  0.000000  0.010263
0.000000  0.999999  0.000000  0.000000
0.000000  0.958900  0.000000  0.041099
0.000000  0.999999  0.000000  0.000000
0.000000  0.999999  0.000000  0.000000
0.000000  0.999999  0.000000  0.000000
0.000000  0.999999  0.000000  0.000000
0.000000  0.999999  0.000000  0.000000
0.000000  0.999999  0.000000  0.000000
0.000000  0.999999  0.000000  0.000000
0.000000  0.999999  0.000000  0.000000
0.000000  0.999999  0.000000  0.000000
0.000000  0.999999  0.000000  0.000000
0.000000  0.999999  0.000000  0.000000
0.000000  0.999999  0.000000  0.000000
0.000000  0.999999  0.000000  0.000000
0.000000  0.999999  0.000000  0.000000
0.000054  0.999941  0.000004  0.000000
0.000000  0.999999  0.000000  0.000000
0.014547  0.985358  0.000000  0.000095
0.008514  0.991485  0.000000  0.000000
0.004122  0.995878  0.000000  0.000000
0.036145  0.744970  0.218884  0.000000
0.960398  0.000000  0.000000  0.039602
0.683957  0.316043  0.000000  0.000000
0.693496  0.306503  0.000000  0.000000
0.690255  0.309745  0.000000  0.000000
0.246383  0.753616  0.000000  0.000000
0.206543  0.793456  0.000000  0.000000
0.234809  0.765190  0.000000  0.000000
0.133313  0.866686  0.000000  0.000000
0.129189  0.870811  0.000000  0.000000
0.132556  0.867443  0.000000  0.000000
0.082002  0.917997  0.000000  0.000000
0.094924  0.905075  0.000000  0.000000
0.098545  0.901455  0.000000  0.000000
0.059996  0.940003  0.000000  0.000000
0.075501  0.924498  0.000000  0.000000
0.095123  0.904877  0.000000  0.000000
0.000000  0.766480  0.189194  0.044325
0.000000  0.711639  0.206674  0.081687
0.000000  0.985449  0.014550  0.000000
0.000000  0.000000  0.999999  0.000000
0.000001  0.000001  0.835847  0.164150
0.000001  0.000001  0.926045  0.073954
0.005777  0.886141  0.108081  0.000001
0.000001  0.452656  0.385046  0.162297
0.627981  0.120014  0.000001  0.252005
0.589280  0.000000  0.000000  0.410719
0.675763  0.203553  0.000001  0.120683
0.242412  0.111154  0.000001  0.646433
0.713193  0.000001  0.000001  0.286806
0.000000  0.000000  0.000000  0.999999
0.000000  0.000000  0.342805  0.657194
0.000000  0.373403  0.357027  0.269569
0.000000  0.000000  0.196756  0.803243
0.000000  0.000000  0.000000  0.999999
0.000000  0.000000  0.000000  0.999999
0.000000  0.000000  0.000000  0.999999
0.000000  0.000000  0.000000  0.999999
0.000000  0.000000  0.000000  0.999999
0.000000  0.000000  0.000000  0.999999
0.000000  0.000000  0.000000  0.999999
0.000000  0.000000  0.000000  0.999999
0.000000  0.000000  0.000000  0.999999
0.000000  0.000000  0.000000  0.999999
0.000000  0.000000  0.000000  0.999999
0.000000  0.000000  0.000000  0.999999
0.000000  0.569734  0.000000  0.430266
0.000000  0.000000  0.000000  0.999999
0.000000  0.668647  0.000000  0.331352
0.000000  0.665204  0.000000  0.334795
0.000000  0.542179  0.000000  0.457820
0.000000  0.653942  0.219782  0.126276
0.000000  0.768095  0.186251  0.045654
0.000000  0.775334  0.181482  0.043184
0.000000  0.794729  0.179324  0.025947
0.000000  0.751217  0.188495  0.060288
0.000001  0.672811  0.192463  0.134725
0.000000  0.743944  0.218557  0.037498
0.000000  0.777631  0.222368  0.000000
0.000000  0.803221  0.172798  0.023980
0.000000  0.765838  0.225100  0.009061
0.000001  0.753836  0.115440  0.130724
0.000000  0.907856  0.000000  0.092143
0.000000  0.812176  0.067089  0.120734
0.000000  0.767570  0.117211  0.115219
0.000000  0.772057  0.108135  0.119808
0.000000  0.725583  0.113929  0.160488
0.000000  0.814641  0.102694  0.082665
0.000000  0.794767  0.105052  0.100181
0.000000  0.675254  0.119867  0.204878
0.000000  0.804420  0.119275  0.076305
0.000000  0.894315  0.056791  0.048895
0.000000  0.382192  0.497988  0.119820
0.000000  0.999730  0.000269  0.000000
0.000000  0.895849  0.019894  0.084257
0.000000  0.982003  0.017997  0.000000
0.000000  0.939596  0.042839  0.017565
0.000000  0.957263  0.042736  0.000000
0.000000  0.961948  0.038052  0.000000
0.000000  0.914860  0.085139  0.000000
0.000001  0.817635  0.054167  0.128198
0.000000  0.961743  0.038256  0.000000
0.000000  0.893928  0.084932  0.021140
0.000000  0.682539  0.226473  0.090988
0.000000  0.908298  0.091701  0.000000
0.000000  0.831877  0.007469  0.160653
0.000000  0.999736  0.000264  0.000000
0.000082  0.914184  0.085734  0.000000
0.004190  0.600951  0.393128  0.001732
0.000611  0.918808  0.080581  0.000000
0.000000  0.914150  0.085849  0.000000
0.000000  0.927655  0.072345  0.000000
0.000000  0.893593  0.106406  0.000000
0.000000  0.000000  0.000000  0.999999
0.000000  0.000000  0.000000  0.999999
0.000000  0.000000  0.000000  0.999999
0.000001  0.000001  0.976897  0.023102
0.000000  0.000000  0.999999  0.000000
0.000000  0.000000  0.999999  0.000000
0.000000  0.000000  0.999999  0.000000
0.000000  0.000000  0.999999  0.000000
0.000000  0.000000  0.999999  0.000000
0.000000  0.000000  0.999999  0.000000
0.000000  0.000000  0.999999  0.000000
0.000000  0.000000  0.930968  0.069032
0.000000  0.000000  0.999999  0.000000
0.000001  0.000001  0.000001  0.999998
0.000002  0.000002  0.162229  0.837766
0.000001  0.000001  0.183532  0.816467
0.011023  0.231580  0.000001  0.757396
0.000001  0.000001  0.195816  0.804182
0.000000  0.858531  0.000000  0.141468
0.000000  0.847830  0.000500  0.151670
0.000000  0.903169  0.000123  0.096708
0.000000  0.856957  0.000226  0.142816
0.000000  0.469017  0.414229  0.116753
0.000000  0.914882  0.005292  0.079825
0.000000  0.868922  0.000000  0.131077
0.000000  0.816041  0.155359  0.028600
0.002148  0.845591  0.126198  0.026063
0.000000  0.855411  0.000000  0.144589
0.000000  0.000000  0.999999  0.000000
0.000000  0.732341  0.182355  0.085303
0.000001  0.039518  0.895675  0.064806
0.000000  0.066403  0.860067  0.073530
0.007075  0.000000  0.992925  0.000000
0.000000  0.000000  0.999999  0.000000
0.000000  0.000000  0.960952  0.039048
0.000000  0.000000  0.949422  0.050577
0.000000  0.184708  0.814868  0.000424
0.000001  0.676574  0.000001  0.323424
0.000000  0.000000  0.000000  0.999999
0.000000  0.000000  0.000000  0.999999
0.000000  0.000000  0.000000  0.999999
0.000000  0.000000  0.000000  0.999999
0.000000  0.000000  0.000000  0.999999
0.000000  0.000000  0.000000  0.999999
0.000000  0.000000  0.000000  0.999999
0.000000  0.000000  0.000000  0.999999
0.000000  0.000000  0.000000  0.999999
0.000000  0.000000  0.000000  0.999999
0.000000  0.000000  0.000000  0.999999
0.000000  0.130786  0.000000  0.869213
0.000000  0.000000  0.000000  0.999999
0.000607  0.972503  0.026890  0.000000
0.000000  0.674140  0.170915  0.154945
0.000000  0.349596  0.626404  0.023999
0.000000  0.265808  0.718285  0.015907
0.000001  0.440690  0.417734  0.141575
0.000000  0.813315  0.141484  0.045201
0.000000  0.368859  0.631141  0.000000
0.000000  0.333551  0.612300  0.054148
0.000000  0.537638  0.436065  0.026297
0.000000  0.507591  0.450613  0.041796
0.000000  0.519048  0.435459  0.045493
0.000000  0.493545  0.448976  0.057478
0.000000  0.541951  0.404095  0.053954
0.000000  0.562701  0.437298  0.000000
0.000000  0.704965  0.170839  0.124196
0.000000  0.570658  0.429342  0.000000
0.000000  0.675171  0.226793  0.098036
0.000000  0.521374  0.421200  0.057426
0.000000  0.517435  0.427007  0.055558
0.000000  0.000000  0.415562  0.584438
0.000000  0.000000  0.635761  0.364238
0.000001  0.000001  0.148421  0.851578
0.000000  0.222329  0.000000  0.777670
0.000000  0.876186  0.000544  0.123270
0.000000  0.537030  0.418100  0.044870
0.000000  0.000000  0.999999  0.000000
0.000000  0.139118  0.817894  0.042988
0.000000  0.000000  0.999999  0.000000
0.000000  0.000000  0.999999  0.000000
0.000000  0.000000  0.999999  0.000000
0.000000  0.000000  0.999999  0.000000
0.000000  0.000000  0.999999  0.000000
0.000000  0.000000  0.999999  0.000000
0.000000  0.000000  0.000000  0.999999
