0.000000  0.862704  0.000000  0.137294  0.000000  0.000000
0.000000  0.847850  0.000000  0.152149  0.000000  0.000000
0.363566  0.636433  0.000000  0.000000  0.000000  0.000000
0.966123  0.000000  0.000000  0.033876  0.000000  0.000000
0.999999  0.000000  0.000000  0.000000  0.000000  0.000000
0.999999  0.000000  0.000000  0.000000  0.000000  0.000000
0.999999  0.000000  0.000000  0.000000  0.000000  0.000000
0.999999  0.000000  0.000000  0.000000  0.000000  0.000000
0.999999  0.000000  0.000000  0.000000  0.000000  0.000000
0.983126  0.000000  0.000000  0.000000  0.016874  0.000000
0.961401  0.000000  0.000000  0.000000  0.038598  0.000000
0.957255  0.000000  0.000000  0.000000  0.042745  0.000000
0.999999  0.000000  0.000000  0.000000  0.000000  0.000000
0.999930  0.000000  0.000000  0.000000  0.000069  0.000000
0.923248  0.000000  0.000000  0.076751  0.000000  0.000000
0.999999  0.000000  0.000000  0.000000  0.000000  0.000000
0.999999  0.000000  0.000000  0.000000  0.000000  0.000000
0.738267  0.261732  0.000000  0.000000  0.000000  0.000000
0.653954  0.346045  0.000000  0.000000  0.000000  0.000000
0.652456  0.347544  0.000000  0.000000  0.000000  0.000000
0.683732  0.311934  0.000000  0.004334  0.000000  0.000000
0.679537  0.320463  0.000000  0.000000  0.000000  0.000000
0.982838  0.000000  0.000000  0.017162  0.000000  0.000000
0.999999  0.000000  0.000000  0.000000  0.000000  0.000000
0.999999  0.000000  0.000000  0.000000  0.000000  0.000000
0.382305  0.617695  0.000000  0.000000  0.000000  0.000000
0.400826  0.599174  0.000000  0.000000  0.000000  0.000000
0.398262  0.601738  0.000000  0.000000  0.000000  0.000000
0.426631  0.573368  0.000000  0.000000  0.000000  0.000000
0.377215  0.609104  0.000000  0.000000  0.013681  0.000000
0.422897  0.571132  0.000000  0.000000  0.005970  0.000000
0.450373  0.549627  0.000000  0.000000  0.000000  0.000000
0.438573  0.561426  0.000000  0.000000  0.000000  0.000000
0.433518  0.566481  0.000000  0.000000  0.000000  0.000000
0.000000  0.796650  0.000000  0.203349  0.000000  0.000000
0.581816  0.412612  0.000000  0.000000  0.005572  0.000000
0.808631  0.000000  0.000000  0.040942  0.150426  0.000000
0.604331  0.389496  0.000000  0.002432  0.003741  0.000000
0.679415  0.320584  0.000000  0.000000  0.000000  0.000000
0.650507  0.349492  0.000000  0.000000  0.000000  0.000000
0.625339  0.370029  0.000000  0.000225  0.004407  0.000000
0.987635  0.000000  0.000000  0.000000  0.012364  0.000000
0.914859  0.000000  0.000000  0.000000  0.085140  0.000000
0.999999  0.000000  0.000000  0.000000  0.000000  0.000000
0.988114  0.000000  0.000000  0.011885  0.000000  0.000000
0.762637  0.236755  0.000000  0.000000  0.000607  0.000000
0.682352  0.293034  0.000000  0.000000  0.024614  0.000000
0.733879  0.266121  0.000000  0.000000  0.000000  0.000000
0.889929  0.000000  0.000000  0.000000  0.110070  0.000000
0.849617  0.000000  0.000000  0.017677  0.132705  0.000000
0.785934  0.202906  0.000000  0.000000  0.011160  0.000000
0.907189  0.000000  0.000000  0.000000  0.092811  0.000000
0.970790  0.000000  0.000000  0.029209  0.000000  0.000000
0.000000  0.000000  0.000000  0.116574  0.000000  0.883426
0.000000  0.000000  0.000000  0.000000  0.000000  0.999999
0.000000  0.000000  0.000000  0.091545  0.000000  0.908455
0.000000  0.000000  0.000000  0.000000  0.000000  0.999999
0.000000  0.000000  0.000000  0.135212  0.000000  0.864788
0.000000  0.000000  0.000000  0.134098  0.000000  0.865901
0.000000  0.000000  0.000000  0.160782  0.000000  0.839217
0.000000  0.000000  0.000000  0.000000  0.000000  0.999999
0.000000  0.000000  0.000000  0.000000  0.000000  0.999999
0.267313  0.481644  0.000000  0.000000  0.251042  0.000000
0.509831  0.000000  0.000000  0.063937  0.426231  0.000000
0.309568  0.436536  0.000000  0.000000  0.253896  0.000000
0.033395  0.966100  0.000000  0.000505  0.000000  0.000000
0.041556  0.958444  0.000000  0.000000  0.000000  0.000000
0.016919  0.982670  0.000000  0.000411  0.000000  0.000000
0.029658  0.970341  0.000000  0.000000  0.000000  0.000000
0.034967  0.965032  0.000000  0.000000  0.000000  0.000000
0.009625  0.990375  0.000000  0.000000  0.000000  0.000000
0.000000  0.999986  0.000000  0.000000  0.000014  0.000000
0.018878  0.981121  0.000000  0.000000  0.000000  0.000000
0.042781  0.951890  0.000000  0.005329  0.000000  0.000000
0.020163  0.979306  0.000000  0.000530  0.000000  0.000000
0.000000  0.998124  0.000000  0.001875  0.000000  0.000000
0.000000  0.999999  0.000000  0.000000  0.000000  0.000000
0.000016  0.999788  0.000000  0.000196  0.000000  0.000000
0.000106  0.999894  0.000000  0.000000  0.000000  0.000000
0.000000  0.992317  0.000000  0.007682  0.000000  0.000000
0.000000  0.979722  0.000000  0.020277  0.000000  0.000000
0.000000  0.999999  0.000000  0.000000  0.000000  0.000000
0.005256  0.994740  0.000000  0.000004  0.000000  0.000000
0.000018  0.992339  0.000000  0.007643  0.000000  0.000000
0.000000  0.996928  0.000000  0.003071  0.000000  0.000000
0.053491  0.946508  0.000000  0.000000  0.000000  0.000000
0.003111  0.988905  0.000000  0.007984  0.000000  0.000000
0.001554  0.998446  0.000000  0.000000  0.000000  0.000000
0.001226  0.998773  0.000000  0.000000  0.000000  0.000000
0.000000  0.999999  0.000000  0.000000  0.000000  0.000000
0.050818  0.949182  0.000000  0.000000  0.000000  0.000000
0.064906  0.935093  0.000000  0.000000  0.000000  0.000000
0.073331  0.926668  0.000000  0.000000  0.000000  0.000000
0.015910  0.984090  0.000000  0.000000  0.000000  0.000000
0.020931  0.979068  0.000000  0.000000  0.000000  0.000000
0.000124  0.999876  0.000000  0.000000  0.000000  0.000000
0.000325  0.999675  0.000000  0.000000  0.000000  0.000000
0.032811  0.967188  0.000000  0.000000  0.000000  0.000000
0.000875  0.999124  0.000000  0.000000  0.000000  0.000000
0.018267  0.981717  0.000000  0.000016  0.000000  0.000000
0.000591  0.999408  0.000000  0.000000  0.000000  0.000000
0.034230  0.960795  0.000000  0.004975  0.000000  0.000000
0.000000  0.999999  0.000000  0.000000  0.000000  0.000000
0.084795  0.915204  0.000000  0.000000  0.000000  0.000000
0.010567  0.979376  0.000000  0.010056  0.000000  0.000000
0.164573  0.835426  0.000000  0.000000  0.000000  0.000000
0.148794  0.851205  0.000000  0.000000  0.000000  0.000000
0.126874  0.873125  0.000000  0.000000  0.000000  0.000000
0.249172  0.666750  0.000000  0.000000  0.084078  0.000000
0.979607  0.000000  0.000000  0.020392  0.000000  0.000000
0.999999  0.000000  0.000000  0.000000  0.000000  0.000000
0.999999  0.000000  0.000000  0.000000  0.000000  0.000000
0.999999  0.000000  0.000000  0.000000  0.000000  0.000000
0.748735  0.249104  0.000000  0.002161  0.000000  0.000000
0.941972  0.000000  0.000000  0.049125  0.008902  0.000000
0.733118  0.250072  0.000000  0.016810  0.000000  0.000000
0.973885  0.000000  0.000000  0.026115  0.000000  0.000000
0.968846  0.000000  0.000000  0.031154  0.000000  0.000000
0.999999  0.000000  0.000000  0.000000  0.000000  0.000000
0.428076  0.571924  0.000000  0.000000  0.000000  0.000000
0.458732  0.541267  0.000000  0.000000  0.000000  0.000000
0.447676  0.552324  0.000000  0.000000  0.000000  0.000000
0.344883  0.655116  0.000000  0.000000  0.000000  0.000000
0.361779  0.637725  0.000000  0.000495  0.000000  0.000000
0.395571  0.604428  0.000000  0.000000  0.000000  0.000000
0.000000  0.899520  0.000000  0.036545  0.063935  0.000000
0.000000  0.810453  0.000000  0.080239  0.109308  0.000000
0.000031  0.999158  0.000000  0.000811  0.000000  0.000000
0.000000  0.000000  0.000000  0.059097  0.940902  0.000000
0.037685  0.000001  0.000001  0.208593  0.753719  0.000001
0.000000  0.440099  0.000000  0.000000  0.559900  0.000000
0.157887  0.838806  0.000000  0.000000  0.003305  0.000000
0.394510  0.000000  0.000000  0.220303  0.385186  0.000000
0.759857  0.000000  0.000000  0.240141  0.000000  0.000000
0.622594  0.000000  0.000000  0.377405  0.000000  0.000000
0.891148  0.000000  0.000000  0.108851  0.000000  0.000000
0.352156  0.000000  0.000000  0.647843  0.000000  0.000000
0.759668  0.000000  0.000000  0.240330  0.000000  0.000000
0.000000  0.000000  0.000000  0.999999  0.000000  0.000000
0.000000  0.346328  0.000000  0.653671  0.000000  0.000000
0.000000  0.467600  0.000000  0.278291  0.254108  0.000000
0.000000  0.209638  0.000000  0.790361  0.000000  0.000000
0.000000  0.000000  0.000000  0.999999  0.000000  0.000000
0.000000  0.000000  0.000000  0.999999  0.000000  0.000000
0.000000  0.000000  0.000000  0.999999  0.000000  0.000000
0.000000  0.000000  0.000000  0.999999  0.000000  0.000000
0.000000  0.000000  0.000000  0.999999  0.000000  0.000000
0.000000  0.000000  0.000000  0.999999  0.000000  0.000000
0.000000  0.000000  0.000000  0.999999  0.000000  0.000000
0.000000  0.000000  0.000000  0.999999  0.000000  0.000000
0.000000  0.000000  0.000000  0.999999  0.000000  0.000000
0.000000  0.000000  0.000000  0.999999  0.000000  0.000000
0.000000  0.000000  0.000000  0.999999  0.000000  0.000000
0.000000  0.000000  0.000000  0.999999  0.000000  0.000000
0.000000  0.000000  0.290364  0.709635  0.000000  0.000000
0.000000  0.000000  0.000000  0.999999  0.000000  0.000000
0.000000  0.000000  0.356456  0.643543  0.000000  0.000000
0.000000  0.000000  0.344512  0.655487  0.000000  0.000000
0.000000  0.000000  0.281968  0.718032  0.000000  0.000000
0.000000  0.772101  0.000000  0.123476  0.104422  0.000000
0.000000  0.876023  0.000000  0.040342  0.083635  0.000000
0.000000  0.891821  0.000000  0.037473  0.070706  0.000000
0.000000  0.899507  0.000000  0.020173  0.080320  0.000000
0.000000  0.871028  0.000000  0.052982  0.075990  0.000000
0.000000  0.797723  0.000000  0.128010  0.074266  0.000000
0.000000  0.842690  0.000000  0.035427  0.121883  0.000000
0.000000  0.877125  0.000000  0.000000  0.122875  0.000000
0.000000  0.907856  0.000000  0.017054  0.075090  0.000000
0.002403  0.854310  0.000000  0.008323  0.134963  0.000000
0.000000  0.854446  0.000000  0.124394  0.021159  0.000000
0.000000  0.918085  0.000000  0.081915  0.000000  0.000000
0.000000  0.885951  0.000000  0.112695  0.001354  0.000000
0.000000  0.841582  0.000000  0.110182  0.048235  0.000000
0.000000  0.865924  0.000000  0.113114  0.020961  0.000000
0.000000  0.808818  0.000000  0.156780  0.034402  0.000000
0.000493  0.894829  0.000000  0.077179  0.027499  0.000000
0.000000  0.905339  0.000000  0.094660  0.000000  0.000000
0.000000  0.775718  0.000000  0.201128  0.023153  0.000000
0.000000  0.885191  0.000000  0.071359  0.043450  0.000000
0.000000  0.954703  0.000000  0.044149  0.001147  0.000000
0.015996  0.462453  0.000000  0.135298  0.386252  0.000000
0.000000  0.999999  0.000000  0.000000  0.000000  0.000000
0.001928  0.918538  0.000000  0.079533  0.000000  0.000000
0.025680  0.974319  0.000000  0.000000  0.000000  0.000000
0.000000  0.987088  0.000000  0.012912  0.000000  0.000000
0.066122  0.933877  0.000000  0.000000  0.000000  0.000000
0.014044  0.985955  0.000000  0.000000  0.000000  0.000000
0.067458  0.918995  0.000000  0.000000  0.013547  0.000000
0.000000  0.873620  0.000000  0.126379  0.000000  0.000000
0.022090  0.977843  0.000000  0.000066  0.000000  0.000000
0.057686  0.917618  0.000000  0.022459  0.002237  0.000000
0.000000  0.773109  0.000000  0.091170  0.135720  0.000000
0.079382  0.913168  0.000000  0.000000  0.007450  0.000000
0.000000  0.847235  0.000000  0.152764  0.000000  0.000000
0.000000  0.999999  0.000000  0.000000  0.000000  0.000000
0.100575  0.892134  0.000000  0.000000  0.007290  0.000000
0.089097  0.614297  0.000000  0.005304  0.291302  0.000000
0.106676  0.889778  0.000000  0.000000  0.003545  0.000000
0.000000  0.984099  0.000000  0.000551  0.015350  0.000000
0.061619  0.933133  0.000000  0.000000  0.005247  0.000000
0.040742  0.929573  0.000000  0.012265  0.017420  0.000000
0.000000  0.000000  0.000000  0.999999  0.000000  0.000000
0.000000  0.000000  0.000000  0.999999  0.000000  0.000000
0.000000  0.000000  0.000000  0.999999  0.000000  0.000000
0.000000  0.000000  0.000000  0.057092  0.942907  0.000000
0.000000  0.000000  0.000000  0.009785  0.990214  0.000000
0.000000  0.000000  0.000000  0.012297  0.987702  0.000000
0.000000  0.000000  0.000000  0.000000  0.999999  0.000000
0.000000  0.000000  0.000000  0.000000  0.999999  0.000000
0.000000  0.000000  0.000000  0.000000  0.999999  0.000000
0.000000  0.000000  0.000000  0.000000  0.999999  0.000000
0.000000  0.000000  0.000000  0.000000  0.999999  0.000000
0.000000  0.000000  0.000000  0.105987  0.894012  0.000000
0.000000  0.000000  0.000000  0.005167  0.994833  0.000000
0.000000  0.000000  0.000000  0.999998  0.000000  0.000000
0.000002  0.000002  0.000002  0.999992  0.000002  0.000002
0.000000  0.000000  0.095214  0.904784  0.000000  0.000000
0.000000  0.000000  0.099242  0.900757  0.000000  0.000000
0.000001  0.000001  0.103404  0.896593  0.000001  0.000001
0.000000  0.865975  0.000000  0.134024  0.000000  0.000000
0.000000  0.855486  0.000000  0.144513  0.000000  0.000000
0.000109  0.910739  0.000000  0.089152  0.000000  0.000000
0.000020  0.863873  0.000000  0.136107  0.000000  0.000000
0.000000  0.567867  0.000000  0.123691  0.308441  0.000000
0.000899  0.927695  0.000000  0.071406  0.000000  0.000000
0.000000  0.877514  0.000000  0.122486  0.000000  0.000000
0.000332  0.903369  0.000000  0.023493  0.072805  0.000000
0.150742  0.816530  0.000000  0.032727  0.000000  0.000000
0.000000  0.863492  0.000000  0.136507  0.000000  0.000000
0.125502  0.000000  0.000000  0.078099  0.796398  0.000000
0.000000  0.825342  0.000000  0.082119  0.092538  0.000000
0.000000  0.153085  0.000000  0.097755  0.749158  0.000000
0.000000  0.000000  0.000000  0.137311  0.862688  0.000000
0.153520  0.000000  0.000000  0.077453  0.769026  0.000000
0.000000  0.000000  0.000000  0.117981  0.882018  0.000000
0.039469  0.233155  0.000000  0.053862  0.673513  0.000000
0.000000  0.220590  0.000000  0.069661  0.709748  0.000000
0.016719  0.291580  0.000000  0.022985  0.668715  0.000000
0.000001  0.000001  0.150965  0.534432  0.314601  0.000001
0.000000  0.000000  0.000000  0.999999  0.000000  0.000000
0.000000  0.000000  0.000000  0.999999  0.000000  0.000000
0.000000  0.000000  0.000000  0.999999  0.000000  0.000000
0.000000  0.000000  0.000000  0.999999  0.000000  0.000000
0.000000  0.000000  0.000000  0.999999  0.000000  0.000000
0.000000  0.000000  0.000000  0.999999  0.000000  0.000000
0.000000  0.000000  0.000000  0.999999  0.000000  0.000000
0.000000  0.000000  0.000000  0.999999  0.000000  0.000000
0.000000  0.000000  0.000000  0.999999  0.000000  0.000000
0.000000  0.000000  0.000000  0.999999  0.000000  0.000000
0.000000  0.000000  0.000000  0.999999  0.000000  0.000000
0.000000  0.126644  0.000000  0.873355  0.000000  0.000000
0.000000  0.000000  0.000000  0.999999  0.000000  0.000000
0.096410  0.903589  0.000000  0.000000  0.000000  0.000000
0.000000  0.761972  0.000000  0.154688  0.083340  0.000000
0.001048  0.460725  0.000000  0.039985  0.498242  0.000000
0.000000  0.389823  0.000000  0.035134  0.575042  0.000000
0.000000  0.551925  0.000000  0.151098  0.296975  0.000000
0.069878  0.842527  0.000000  0.050034  0.037562  0.000000
0.000000  0.488034  0.000000  0.022478  0.489487  0.000000
0.000000  0.449818  0.000000  0.073017  0.477164  0.000000
0.000000  0.647667  0.000000  0.033792  0.318540  0.000000
0.000000  0.608190  0.000000  0.048836  0.342973  0.000000
0.000000  0.617301  0.000000  0.051871  0.330827  0.000000
0.000000  0.590599  0.000000  0.066293  0.343108  0.000000
0.000000  0.644842  0.000000  0.060018  0.295139  0.000000
0.000000  0.678899  0.000000  0.000000  0.321101  0.000000
0.000000  0.808210  0.000000  0.120569  0.071220  0.000000
0.001551  0.673014  0.000000  0.000000  0.325435  0.000000
0.001044  0.770560  0.000000  0.098878  0.129516  0.000000
0.000000  0.630679  0.000000  0.063798  0.305523  0.000000
0.000000  0.624309  0.000000  0.063708  0.311982  0.000000
0.000000  0.188123  0.000000  0.586812  0.225065  0.000000
0.000000  0.000000  0.000000  0.410042  0.589956  0.000000
0.000001  0.161761  0.000001  0.838237  0.000001  0.000001
0.000000  0.222395  0.000000  0.777604  0.000000  0.000000
0.000000  0.885023  0.000000  0.114976  0.000000  0.000000
0.000000  0.638656  0.000000  0.051724  0.309619  0.000000
0.000000  0.000000  0.000000  0.000000  0.999999  0.000000
0.012486  0.180991  0.000000  0.067029  0.739493  0.000000
0.000000  0.000000  0.000000  0.000000  0.999998  0.000000
0.000000  0.000000  0.000000  0.000000  0.999999  0.000000
0.000000  0.000000  0.000000  0.000000  0.999999  0.000000
0.000000  0.000000  0.000000  0.020511  0.979488  0.000000
0.000000  0.000000  0.000000  0.041710  0.958289  0.000000
0.000000  0.000000  0.000000  0.012373  0.987626  0.000000
0.000000  0.000000  0.000000  0.999999  0.000000  0.000000
