0.000000  0.109208  0.000000  0.000000  0.000000  0.148358  0.000000  0.742432  0.000000  0.000000
0.237263  0.485991  0.000000  0.000000  0.000000  0.276744  0.000000  0.000000  0.000000  0.000000
0.025575  0.000000  0.000000  0.000000  0.000000  0.000000  0.000000  0.715453  0.258971  0.000000
0.934029  0.000000  0.000000  0.000000  0.000000  0.065971  0.000000  0.000000  0.000000  0.000000
0.999999  0.000000  0.000000  0.000000  0.000000  0.000000  0.000000  0.000000  0.000000  0.000000
0.999999  0.000000  0.000000  0.000000  0.000000  0.000000  0.000000  0.000000  0.000000  0.000000
0.999999  0.000000  0.000000  0.000000  0.000000  0.000000  0.000000  0.000000  0.000000  0.000000
0.999999  0.000000  0.000000  0.000000  0.000000  0.000000  0.000000  0.000000  0.000000  0.000000
0.999999  0.000000  0.000000  0.000000  0.000000  0.000000  0.000000  0.000000  0.000000  0.000000
0.941723  0.058276  0.000000  0.000000  0.000000  0.000000  0.000000  0.000000  0.000000  0.000000
0.899910  0.100089  0.000000  0.000000  0.000000  0.000000  0.000000  0.000000  0.000000  0.000000
0.898446  0.101553  0.000000  0.000000  0.000000  0.000000  0.000000  0.000000  0.000000  0.000000
0.963071  0.000000  0.000000  0.000000  0.000000  0.036929  0.000000  0.000000  0.000000  0.000000
0.993689  0.006310  0.000000  0.000000  0.000000  0.000000  0.000000  0.000000  0.000000  0.000000
0.621175  0.000000  0.000000  0.000000  0.000000  0.081093  0.000000  0.297732  0.000000  0.000000
0.674899  0.000000  0.000000  0.000000  0.000000  0.000000  0.000000  0.325100  0.000000  0.000000
0.942468  0.000000  0.000000  0.000000  0.000000  0.057531  0.000000  0.000000  0.000000  0.000000
0.327504  0.000000  0.000000  0.000000  0.000000  0.034312  0.000000  0.366475  0.271709  0.000000
0.336452  0.000000  0.000000  0.000000  0.000000  0.001221  0.000000  0.514766  0.147560  0.000000
0.091632  0.000000  0.000000  0.000000  0.000000  0.000000  0.000000  0.406134  0.502233  0.000000
0.104935  0.000000  0.000000  0.000000  0.000000  0.011029  0.000000  0.356600  0.527435  0.000000
0.104611  0.000000  0.000000  0.000000  0.000000  0.000000  0.000000  0.367188  0.528200  0.000000
0.000000  0.000000  0.000000  0.000000  0.000000  0.021131  0.000000  0.000000  0.978869  0.000000
0.000000  0.000000  0.000000  0.000000  0.000000  0.042768  0.000000  0.000000  0.957231  0.000000
0.076395  0.000000  0.000000  0.000000  0.000000  0.026797  0.000000  0.000000  0.896807  0.000000
0.050585  0.000000  0.000000  0.000000  0.000000  0.000000  0.000000  0.666558  0.282856  0.000000
0.064601  0.000000  0.000000  0.000000  0.000000  0.000000  0.000000  0.654153  0.281245  0.000000
0.061470  0.000000  0.000000  0.000000  0.000000  0.000000  0.000000  0.645695  0.292834  0.000000
0.048056  0.000000  0.000000  0.000000  0.000000  0.000000  0.000000  0.539482  0.412461  0.000000
0.013849  0.000000  0.000000  0.000000  0.000000  0.000000  0.000000  0.571145  0.415005  0.000000
0.045800  0.000000  0.000000  0.000000  0.000000  0.000000  0.000000  0.540835  0.413364  0.000000
0.000000  0.000000  0.000000  0.000000  0.000000  0.012496  0.000000  0.000000  0.987504  0.000000
0.000000  0.000000  0.000000  0.000000  0.000000  0.000000  0.000000  0.000000  0.999999  0.000000
0.000000  0.000000  0.000000  0.000000  0.000000  0.017531  0.000000  0.000000  0.982468  0.000000
0.000000  0.000000  0.000000  0.000000  0.000000  0.215632  0.000000  0.784366  0.000000  0.000000
0.009070  0.000000  0.000000  0.000000  0.000000  0.050914  0.000000  0.000000  0.940015  0.000000
0.000126  0.000000  0.000000  0.000000  0.000000  0.039495  0.000000  0.000000  0.960378  0.000000
0.002573  0.000000  0.000000  0.000000  0.000000  0.015427  0.000000  0.210354  0.771645  0.000000
0.008595  0.000000  0.000000  0.000000  0.000000  0.000000  0.000000  0.109605  0.881799  0.000000
0.001431  0.000000  0.000000  0.000000  0.000000  0.008547  0.000000  0.000000  0.990021  0.000000
0.003710  0.000000  0.000000  0.000000  0.000000  0.024118  0.000000  0.000000  0.972171  0.000000
0.676887  0.025374  0.000000  0.000000  0.000000  0.000000  0.000000  0.000000  0.297738  0.000000
0.819732  0.180267  0.000000  0.000000  0.000000  0.000000  0.000000  0.000000  0.000000  0.000000
0.687628  0.000000  0.000000  0.000000  0.000000  0.038637  0.000000  0.000000  0.273734  0.000000
0.634309  0.000000  0.000000  0.000000  0.000000  0.013398  0.000000  0.352292  0.000000  0.000000
0.309055  0.000000  0.000000  0.000000  0.000000  0.000000  0.000000  0.277473  0.413471  0.000000
0.083165  0.000000  0.000000  0.000000  0.000000  0.000000  0.000000  0.210294  0.706541  0.000000
0.090646  0.000000  0.000000  0.000000  0.000000  0.000000  0.000000  0.134421  0.774933  0.000000
0.035874  0.000000  0.000000  0.000000  0.000000  0.010696  0.000000  0.000000  0.953429  0.000000
0.016448  0.000000  0.000000  0.000000  0.000000  0.020634  0.000000  0.000000  0.962917  0.000000
0.051855  0.000000  0.000000  0.000000  0.000000  0.000267  0.000000  0.000000  0.947878  0.000000
0.043008  0.000000  0.000000  0.000000  0.000000  0.000000  0.000000  0.000000  0.956991  0.000000
0.058135  0.000000  0.000000  0.000000  0.000000  0.020999  0.000000  0.000000  0.920865  0.000000
0.000000  0.000000  0.000000  0.000000  0.000000  0.000000  0.000000  0.000000  0.999999  0.000000
0.000000  0.000000  0.000000  0.000000  0.000000  0.000000  0.000000  0.000000  0.999999  0.000000
0.000000  0.000000  0.000000  0.000000  0.000000  0.000000  0.000000  0.000000  0.999999  0.000000
0.000000  0.000000  0.000000  0.000000  0.000000  0.000000  0.000000  0.000000  0.999999  0.000000
0.000000  0.000000  0.000000  0.000000  0.000000  0.051594  0.000000  0.000000  0.948405  0.000000
0.000000  0.000000  0.000000  0.000000  0.000000  0.052444  0.000000  0.000000  0.947555  0.000000
0.000000  0.079384  0.000000  0.000000  0.000000  0.080864  0.000000  0.000000  0.839752  0.000000
0.000000  0.000000  0.000000  0.000000  0.000000  0.000000  0.000000  0.000000  0.999999  0.000000
0.000000  0.000000  0.000000  0.000000  0.000000  0.000000  0.000000  0.000000  0.999999  0.000000
0.005040  0.285634  0.000000  0.000000  0.000000  0.049941  0.000000  0.000000  0.659383  0.000000
0.000199  0.280078  0.000000  0.000000  0.000000  0.061331  0.000000  0.000000  0.658391  0.000000
0.000000  0.192632  0.000000  0.000000  0.000000  0.000000  0.000000  0.252950  0.554417  0.000000
0.000000  0.000000  0.000000  0.000000  0.000000  0.000000  0.000000  0.999999  0.000000  0.000000
0.000000  0.000000  0.000000  0.000000  0.000000  0.000000  0.000000  0.999999  0.000000  0.000000
0.000000  0.000000  0.000000  0.000000  0.000000  0.000000  0.000000  0.999999  0.000000  0.000000
0.000000  0.000000  0.000000  0.000000  0.000000  0.000000  0.000000  0.999999  0.000000  0.000000
0.000000  0.000000  0.000000  0.000000  0.000000  0.000000  0.000000  0.999999  0.000000  0.000000
0.000000  0.000000  0.000000  0.000000  0.000000  0.000000  0.000000  0.999999  0.000000  0.000000
0.000000  0.000000  0.000000  0.000000  0.000000  0.000000  0.000000  0.999999  0.000000  0.000000
0.000000  0.000000  0.000000  0.000000  0.000000  0.000000  0.000000  0.999999  0.000000  0.000000
0.000000  0.000000  0.000000  0.000000  0.000000  0.005560  0.000000  0.994439  0.000000  0.000000
0.000000  0.000000  0.000000  0.000000  0.000000  0.000000  0.000000  0.999999  0.000000  0.000000
0.000000  0.000000  0.000000  0.000000  0.000000  0.000636  0.000000  0.999363  0.000000  0.000000
0.000000  0.000000  0.000000  0.000000  0.000000  0.000000  0.000000  0.999999  0.000000  0.000000
0.000000  0.000000  0.000000  0.000000  0.000000  0.000000  0.000000  0.999999  0.000000  0.000000
0.000000  0.000000  0.000000  0.000000  0.000000  0.000000  0.000000  0.999999  0.000000  0.000000
0.000000  0.000000  0.000000  0.000000  0.000000  0.009779  0.000000  0.990221  0.000000  0.000000
0.000000  0.000000  0.000000  0.000000  0.000000  0.023774  0.000000  0.976225  0.000000  0.000000
0.000000  0.000000  0.000000  0.000000  0.000000  0.000000  0.000000  0.999999  0.000000  0.000000
0.000000  0.000000  0.000000  0.000000  0.000000  0.000000  0.000000  0.999999  0.000000  0.000000
0.000000  0.000000  0.000000  0.000000  0.000000  0.008895  0.000000  0.991104  0.000000  0.000000
0.000000  0.000000  0.000000  0.000000  0.000000  0.001461  0.000000  0.998538  0.000000  0.000000
0.000000  0.000000  0.000000  0.000000  0.000000  0.000000  0.000000  0.999999  0.000000  0.000000
0.000000  0.000000  0.000000  0.000000  0.000000  0.015813  0.000000  0.984186  0.000000  0.000000
0.000000  0.000000  0.681222  0.000000  0.000000  0.318777  0.000000  0.000000  0.000000  0.000000
0.000000  0.000000  0.560888  0.000000  0.000000  0.439111  0.000000  0.000000  0.000000  0.000000
0.000000  0.000000  0.999999  0.000000  0.000000  0.000000  0.000000  0.000000  0.000000  0.000000
0.000000  0.000000  0.000000  0.000000  0.000000  0.000000  0.000000  0.999999  0.000000  0.000000
0.000000  0.000000  0.000000  0.000000  0.000000  0.000000  0.000000  0.999999  0.000000  0.000000
0.000000  0.000000  0.000000  0.000000  0.000000  0.000000  0.000000  0.999999  0.000000  0.000000
0.000000  0.000000  0.651654  0.000000  0.000000  0.348345  0.000000  0.000000  0.000000  0.000000
0.000000  0.000000  0.000000  0.000000  0.000000  0.000000  0.000000  0.999999  0.000000  0.000000
0.000000  0.000000  0.000000  0.000000  0.000000  0.000000  0.000000  0.999999  0.000000  0.000000
0.000000  0.000000  0.000000  0.000000  0.000000  0.000000  0.000000  0.999999  0.000000  0.000000
0.000000  0.000000  0.000000  0.000000  0.000000  0.000000  0.000000  0.999999  0.000000  0.000000
0.000000  0.000000  0.000000  0.000000  0.000000  0.000000  0.000000  0.999999  0.000000  0.000000
0.000000  0.000000  0.000000  0.000000  0.000000  0.000000  0.000000  0.999999  0.000000  0.000000
0.000000  0.000000  0.000000  0.000000  0.000000  0.000000  0.000000  0.999999  0.000000  0.000000
0.000000  0.000000  0.000000  0.000000  0.000000  0.004718  0.000000  0.995281  0.000000  0.000000
0.000000  0.000000  0.000000  0.000000  0.000000  0.000000  0.000000  0.999999  0.000000  0.000000
0.000006  0.000000  0.000000  0.000000  0.000000  0.000000  0.000000  0.999993  0.000000  0.000000
0.000000  0.000000  0.000000  0.000000  0.000000  0.011993  0.000000  0.988006  0.000000  0.000000
0.031538  0.000000  0.000000  0.000000  0.000000  0.000000  0.000000  0.968461  0.000000  0.000000
0.022945  0.000000  0.000000  0.000000  0.000000  0.000000  0.000000  0.977055  0.000000  0.000000
0.012111  0.000000  0.000000  0.000000  0.000000  0.000000  0.000000  0.987888  0.000000  0.000000
0.000000  0.060436  0.000000  0.000000  0.000000  0.000000  0.000000  0.613407  0.326157  0.000000
0.960065  0.000000  0.000000  0.000000  0.000000  0.039934  0.000000  0.000000  0.000000  0.000000
0.945746  0.000000  0.000000  0.000000  0.000000  0.054253  0.000000  0.000000  0.000000  0.000000
0.960226  0.000000  0.000000  0.000000  0.000000  0.039773  0.000000  0.000000  0.000000  0.000000
0.948821  0.000000  0.000000  0.000000  0.000000  0.051178  0.000000  0.000000  0.000000  0.000000
0.461617  0.000000  0.000000  0.000000  0.000000  0.062059  0.000000  0.000000  0.476323  0.000000
0.683879  0.212087  0.000000  0.000000  0.000000  0.104034  0.000000  0.000000  0.000000  0.000000
0.857017  0.000000  0.000000  0.000000  0.000000  0.142982  0.000000  0.000000  0.000000  0.000000
0.240121  0.000000  0.000000  0.000000  0.000000  0.060948  0.000000  0.000000  0.698930  0.000000
0.000000  0.000000  0.000000  0.384768  0.000000  0.615231  0.000000  0.000000  0.000000  0.000000
0.000000  0.000000  0.000000  0.401639  0.000000  0.598360  0.000000  0.000000  0.000000  0.000000
0.141818  0.000000  0.000000  0.000000  0.000000  0.000000  0.000000  0.858182  0.000000  0.000000
0.155974  0.000000  0.000000  0.000000  0.000000  0.000000  0.000000  0.844025  0.000000  0.000000
0.159226  0.000000  0.000000  0.000000  0.000000  0.000000  0.000000  0.840773  0.000000  0.000000
0.105300  0.000000  0.000000  0.000000  0.000000  0.000000  0.000000  0.894699  0.000000  0.000000
0.124841  0.000000  0.000000  0.000000  0.000000  0.000000  0.000000  0.875158  0.000000  0.000000
0.150382  0.000000  0.000000  0.000000  0.000000  0.000000  0.000000  0.849618  0.000000  0.000000
0.000000  0.171356  0.000000  0.000000  0.000000  0.043993  0.000000  0.784649  0.000000  0.000000
0.000000  0.172387  0.000000  0.000000  0.000000  0.088179  0.000000  0.739434  0.000000  0.000000
0.000000  0.000000  0.000000  0.000000  0.000000  0.000064  0.000000  0.999935  0.000000  0.000000
0.000000  0.999999  0.000000  0.000000  0.000000  0.000000  0.000000  0.000000  0.000000  0.000000
0.000001  0.795456  0.000001  0.000001  0.000001  0.204539  0.000001  0.000001  0.000001  0.000001
0.000000  0.831539  0.000000  0.000000  0.000000  0.109538  0.000000  0.000000  0.058922  0.000000
0.000000  0.023828  0.000000  0.000000  0.000000  0.000000  0.000000  0.976170  0.000000  0.000000
0.000000  0.329548  0.000000  0.000000  0.000000  0.184150  0.000000  0.486299  0.000000  0.000000
0.717462  0.000000  0.000000  0.000000  0.000000  0.282536  0.000000  0.000000  0.000000  0.000000
0.582585  0.000000  0.000000  0.000000  0.000000  0.417413  0.000000  0.000000  0.000000  0.000000
0.842634  0.000000  0.000000  0.000000  0.000000  0.157365  0.000000  0.000000  0.000000  0.000000
0.000000  0.000000  0.000000  0.099374  0.000000  0.900624  0.000000  0.000000  0.000000  0.000000
0.712143  0.000000  0.000000  0.000000  0.000000  0.287855  0.000000  0.000000  0.000000  0.000000
0.000000  0.000000  0.000000  0.000000  0.000000  0.999999  0.000000  0.000000  0.000000  0.000000
0.000000  0.000000  0.000000  0.000000  0.000000  0.888216  0.000000  0.000000  0.000000  0.111783
0.000000  0.651875  0.000000  0.000000  0.000000  0.348124  0.000000  0.000000  0.000000  0.000000
0.000000  0.000000  0.000000  0.000000  0.000000  0.999999  0.000000  0.000000  0.000000  0.000000
0.000000  0.000000  0.000000  0.000000  0.000000  0.999999  0.000000  0.000000  0.000000  0.000000
0.000000  0.000000  0.000000  0.000000  0.000000  0.999999  0.000000  0.000000  0.000000  0.000000
0.000000  0.000000  0.000000  0.000000  0.000000  0.999999  0.000000  0.000000  0.000000  0.000000
0.000000  0.000000  0.000000  0.000000  0.000000  0.999999  0.000000  0.000000  0.000000  0.000000
0.000000  0.000000  0.000000  0.000000  0.000000  0.999999  0.000000  0.000000  0.000000  0.000000
0.000000  0.000000  0.000000  0.000000  0.000000  0.999999  0.000000  0.000000  0.000000  0.000000
0.000000  0.000000  0.000000  0.000000  0.000000  0.999999  0.000000  0.000000  0.000000  0.000000
0.000000  0.000000  0.000000  0.000000  0.000000  0.999999  0.000000  0.000000  0.000000  0.000000
0.000000  0.000000  0.000000  0.000000  0.000000  0.999999  0.000000  0.000000  0.000000  0.000000
0.000000  0.000000  0.000000  0.000000  0.000000  0.999999  0.000000  0.000000  0.000000  0.000000
0.000000  0.000000  0.000000  0.000000  0.000000  0.999999  0.000000  0.000000  0.000000  0.000000
0.000000  0.000000  0.000000  0.000000  0.000000  0.999999  0.000000  0.000000  0.000000  0.000000
0.000000  0.000000  0.000000  0.000000  0.000000  0.737811  0.000000  0.000000  0.000000  0.262188
0.000000  0.000000  0.000000  0.000000  0.000000  0.999999  0.000000  0.000000  0.000000  0.000000
0.000000  0.000000  0.000000  0.000000  0.000000  0.676787  0.000000  0.000000  0.000000  0.323212
0.000000  0.000000  0.000000  0.000000  0.000000  0.685766  0.000000  0.000000  0.000000  0.314233
0.000000  0.000000  0.000000  0.000000  0.000000  0.739824  0.000000  0.000000  0.000000  0.260175
0.000000  0.179153  0.000000  0.000000  0.000000  0.134795  0.000000  0.686052  0.000000  0.000000
0.000000  0.148285  0.000000  0.000000  0.000000  0.045197  0.000000  0.806517  0.000000  0.000000
0.000000  0.137472  0.000000  0.000000  0.000000  0.043291  0.000000  0.819236  0.000000  0.000000
0.000000  0.150082  0.000000  0.000000  0.000000  0.024462  0.000000  0.825455  0.000000  0.000000
0.000000  0.176784  0.000000  0.000000  0.000000  0.061191  0.000000  0.762024  0.000000  0.000000
0.000000  0.999998  0.000000  0.000000  0.000000  0.000000  0.000000  0.000000  0.000000  0.000000
0.000000  0.176726  0.000000  0.000000  0.000000  0.039795  0.000000  0.783479  0.000000  0.000000
0.000000  0.185817  0.000000  0.000000  0.000000  0.000000  0.000000  0.814182  0.000000  0.000000
0.000000  0.147739  0.000000  0.000000  0.000000  0.021308  0.000000  0.830952  0.000000  0.000000
0.000000  0.187022  0.000000  0.000000  0.000000  0.009506  0.000000  0.803471  0.000000  0.000000
0.000000  0.067947  0.000000  0.000000  0.000000  0.135479  0.000000  0.796572  0.000000  0.000000
0.000000  0.016143  0.000000  0.000000  0.000000  0.090129  0.000000  0.893727  0.000000  0.000000
0.000000  0.027250  0.000000  0.000000  0.000000  0.123745  0.000000  0.849004  0.000000  0.000000
0.000000  0.091579  0.000000  0.000000  0.000000  0.119778  0.000000  0.788642  0.000000  0.000000
0.000000  0.065621  0.000000  0.000000  0.000000  0.124066  0.000000  0.810312  0.000000  0.000000
0.000000  0.079764  0.000000  0.000000  0.000000  0.169759  0.000000  0.750476  0.000000  0.000000
0.000000  0.066730  0.000000  0.000000  0.000000  0.085436  0.000000  0.847833  0.000000  0.000000
0.000000  0.074837  0.000000  0.000000  0.000000  0.104037  0.000000  0.821125  0.000000  0.000000
0.000000  0.074567  0.000000  0.000000  0.000000  0.216952  0.000000  0.708479  0.000000  0.000000
0.000000  0.087088  0.000000  0.000000  0.000000  0.079044  0.000000  0.833867  0.000000  0.000000
0.000000  0.005421  0.000000  0.000000  0.000000  0.052261  0.000000  0.942317  0.000000  0.000000
0.000000  0.444494  0.000000  0.000000  0.000000  0.140615  0.000000  0.413917  0.000973  0.000000
0.000000  0.000000  0.000000  0.000000  0.999999  0.000000  0.000000  0.000000  0.000000  0.000000
0.000000  0.000000  0.000000  0.000000  0.000000  0.090142  0.000000  0.909857  0.000000  0.000000
0.000000  0.000000  0.000000  0.000000  0.000000  0.000000  0.000000  0.999999  0.000000  0.000000
0.000000  0.000000  0.000000  0.000000  0.000000  0.016873  0.000000  0.983126  0.000000  0.000000
0.000000  0.000000  0.000000  0.000000  0.000000  0.000000  0.000000  0.999999  0.000000  0.000000
0.000000  0.000000  0.000000  0.000000  0.000000  0.000000  0.000000  0.999999  0.000000  0.000000
0.000000  0.044346  0.000000  0.000000  0.000000  0.000000  0.000000  0.955654  0.000000  0.000000
0.000000  0.000000  0.000000  0.000000  0.000000  0.139766  0.000000  0.860232  0.000000  0.000000
0.000000  0.000000  0.000000  0.000000  0.000000  0.000000  0.000000  0.999999  0.000000  0.000000
0.000000  0.000000  0.000000  0.000000  0.000000  0.026405  0.000000  0.973594  0.000000  0.000000
0.000000  0.191641  0.000000  0.000000  0.000000  0.100737  0.000000  0.707620  0.000000  0.000000
0.000000  0.030214  0.000000  0.000000  0.000000  0.000000  0.000000  0.926431  0.043354  0.000000
0.000000  0.000000  0.000000  0.000000  0.000000  0.164766  0.000000  0.835232  0.000000  0.000000
0.000000  0.000000  0.000000  0.000000  0.999999  0.000000  0.000000  0.000000  0.000000  0.000000
0.000000  0.013087  0.000000  0.000000  0.000000  0.000000  0.000000  0.894223  0.092690  0.000000
0.000469  0.327856  0.000000  0.000000  0.000000  0.003449  0.000000  0.587732  0.080494  0.000000
0.000000  0.004338  0.000000  0.000000  0.000000  0.000000  0.000000  0.925475  0.070186  0.000000
0.000000  0.032929  0.000000  0.000000  0.000000  0.000000  0.000000  0.967070  0.000000  0.000000
0.000000  0.023291  0.000000  0.000000  0.000000  0.000000  0.000000  0.963508  0.013201  0.000000
0.000000  0.042693  0.000000  0.000000  0.000000  0.015150  0.000000  0.939556  0.002600  0.000000
0.000000  0.000000  0.000000  0.000000  0.000000  0.999999  0.000000  0.000000  0.000000  0.000000
0.000000  0.000000  0.000000  0.000000  0.000000  0.999999  0.000000  0.000000  0.000000  0.000000
0.000000  0.000000  0.000000  0.000000  0.000000  0.999999  0.000000  0.000000  0.000000  0.000000
0.000000  0.952356  0.000000  0.000000  0.000000  0.047642  0.000000  0.000000  0.000000  0.000000
0.000000  0.999574  0.000000  0.000000  0.000000  0.000424  0.000000  0.000000  0.000000  0.000000
0.000000  0.996407  0.000000  0.000000  0.000000  0.003592  0.000000  0.000000  0.000000  0.000000
0.000000  0.999999  0.000000  0.000000  0.000000  0.000000  0.000000  0.000000  0.000000  0.000000
0.000000  0.999999  0.000000  0.000000  0.000000  0.000000  0.000000  0.000000  0.000000  0.000000
0.000000  0.999999  0.000000  0.000000  0.000000  0.000000  0.000000  0.000000  0.000000  0.000000
0.000000  0.999999  0.000000  0.000000  0.000000  0.000000  0.000000  0.000000  0.000000  0.000000
0.000000  0.999999  0.000000  0.000000  0.000000  0.000000  0.000000  0.000000  0.000000  0.000000
0.000000  0.903232  0.000000  0.000000  0.000000  0.096768  0.000000  0.000000  0.000000  0.000000
0.000000  0.999999  0.000000  0.000000  0.000000  0.000000  0.000000  0.000000  0.000000  0.000000
0.000000  0.000000  0.000000  0.000000  0.000000  0.999998  0.000000  0.000000  0.000000  0.000000
0.000001  0.000001  0.000001  0.000001  0.000001  0.999992  0.000001  0.000001  0.000001  0.000001
0.000000  0.000000  0.000000  0.000000  0.000000  0.941440  0.000000  0.000000  0.000000  0.058558
0.000000  0.000000  0.000000  0.000000  0.000000  0.933143  0.000000  0.000000  0.000000  0.066855
0.000000  0.000000  0.000000  0.000000  0.000000  0.999996  0.000000  0.000000  0.000000  0.000000
0.000000  0.000000  0.000000  0.000000  0.000000  0.144739  0.000000  0.855260  0.000000  0.000000
0.000000  0.000000  0.000000  0.000000  0.000000  0.156014  0.000000  0.843985  0.000000  0.000000
0.000000  0.000000  0.000000  0.000000  0.000000  0.096497  0.000000  0.903502  0.000000  0.000000
0.000000  0.000000  0.000000  0.000000  0.000000  0.145956  0.000000  0.854043  0.000000  0.000000
0.000000  0.375846  0.000000  0.000000  0.000000  0.131168  0.000000  0.492985  0.000000  0.000000
0.000000  0.000000  0.000000  0.000000  0.000000  0.077801  0.000000  0.922199  0.000000  0.000000
0.000000  0.000000  0.000000  0.000000  0.000000  0.132568  0.000000  0.867431  0.000000  0.000000
0.000000  0.114956  0.000000  0.000000  0.000000  0.027359  0.000000  0.857684  0.000000  0.000000
0.000000  0.000000  0.000000  0.000000  0.000000  0.040698  0.000000  0.815796  0.143505  0.000000
0.000000  0.000000  0.000000  0.000000  0.000000  0.146676  0.000000  0.853323  0.000000  0.000000
0.000000  0.841649  0.000000  0.000000  0.000000  0.072207  0.000000  0.000000  0.086144  0.000000
0.000000  0.142900  0.000000  0.000000  0.000000  0.089746  0.000000  0.767353  0.000000  0.000000
0.000000  0.892099  0.000000  0.000000  0.000000  0.107899  0.000000  0.000000  0.000000  0.000000
0.000000  0.874152  0.000000  0.000000  0.000000  0.125847  0.000000  0.000000  0.000000  0.000000
0.000385  0.811716  0.000000  0.000000  0.000000  0.072610  0.000000  0.000000  0.115288  0.000000
0.000000  0.896739  0.000000  0.000000  0.000000  0.103260  0.000000  0.000000  0.000000  0.000000
0.000000  0.919449  0.000000  0.000000  0.000000  0.080550  0.000000  0.000000  0.000000  0.000000
0.000000  0.803099  0.000000  0.000000  0.000000  0.074386  0.000000  0.122514  0.000000  0.000000
0.023578  0.919438  0.000000  0.000000  0.000000  0.056983  0.000000  0.000000  0.000000  0.000000
0.532494  0.000000  0.000000  0.000000  0.000000  0.467504  0.000000  0.000000  0.000000  0.000000
0.000000  0.000000  0.000000  0.000000  0.000000  0.999999  0.000000  0.000000  0.000000  0.000000
0.000000  0.000000  0.000000  0.000000  0.000000  0.999999  0.000000  0.000000  0.000000  0.000000
0.000000  0.000000  0.000000  0.000000  0.000000  0.999999  0.000000  0.000000  0.000000  0.000000
0.000000  0.000000  0.000000  0.000000  0.000000  0.999999  0.000000  0.000000  0.000000  0.000000
0.000000  0.000000  0.000000  0.000000  0.000000  0.999999  0.000000  0.000000  0.000000  0.000000
0.000000  0.000000  0.000000  0.000000  0.000000  0.999999  0.000000  0.000000  0.000000  0.000000
0.000000  0.000000  0.000000  0.000000  0.000000  0.999999  0.000000  0.000000  0.000000  0.000000
0.000000  0.000000  0.000000  0.000000  0.000000  0.999999  0.000000  0.000000  0.000000  0.000000
0.000000  0.000000  0.000000  0.000000  0.000000  0.999999  0.000000  0.000000  0.000000  0.000000
0.000000  0.000000  0.000000  0.000000  0.000000  0.999999  0.000000  0.000000  0.000000  0.000000
0.000000  0.000000  0.000000  0.000000  0.000000  0.999999  0.000000  0.000000  0.000000  0.000000
0.000000  0.000000  0.000000  0.000000  0.000000  0.999999  0.000000  0.000000  0.000000  0.000000
0.000000  0.000000  0.000000  0.000000  0.000000  0.999999  0.000000  0.000000  0.000000  0.000000
0.000396  0.000000  0.000000  0.000000  0.000000  0.000000  0.000000  0.999603  0.000000  0.000000
0.000000  0.134402  0.000000  0.000000  0.000000  0.166591  0.000000  0.699006  0.000000  0.000000
0.000000  0.572880  0.000000  0.000000  0.000000  0.043729  0.000000  0.383390  0.000000  0.000000
0.000000  0.659779  0.000000  0.000000  0.000000  0.038833  0.000000  0.301387  0.000000  0.000000
0.000000  0.381566  0.000000  0.000000  0.000000  0.163001  0.000000  0.455432  0.000000  0.000000
0.000000  0.070404  0.000000  0.000000  0.000000  0.057098  0.000000  0.842485  0.030012  0.000000
0.000000  0.559311  0.000000  0.000000  0.000000  0.025057  0.000000  0.415631  0.000000  0.000000
0.000000  0.549686  0.000000  0.000000  0.000000  0.078729  0.000000  0.371584  0.000000  0.000000
0.000000  0.382965  0.000000  0.000000  0.000000  0.037939  0.000000  0.579096  0.000000  0.000000
0.000000  0.407838  0.000000  0.000000  0.000000  0.052634  0.000000  0.539527  0.000000  0.000000
0.000000  0.398156  0.000000  0.000000  0.000000  0.056737  0.000000  0.545106  0.000000  0.000000
0.000000  0.410628  0.000000  0.000000  0.000000  0.071659  0.000000  0.517712  0.000000  0.000000
0.000000  0.354797  0.000000  0.000000  0.000000  0.065284  0.000000  0.579919  0.000000  0.000000
0.000000  0.404720  0.000000  0.000000  0.000000  0.000000  0.000000  0.595279  0.000000  0.000000
0.000000  0.129000  0.000000  0.000000  0.000000  0.131444  0.000000  0.739555  0.000000  0.000000
0.000000  0.384768  0.000000  0.000000  0.000000  0.000000  0.000000  0.615231  0.000000  0.000000
0.000000  0.177588  0.000000  0.000000  0.000000  0.106875  0.000000  0.715536  0.000000  0.000000
0.000000  0.380126  0.000000  0.000000  0.000000  0.070301  0.000000  0.549572  0.000000  0.000000
0.000000  0.378837  0.000000  0.000000  0.000000  0.069305  0.000000  0.551857  0.000000  0.000000
0.000000  0.370755  0.000000  0.000000  0.000000  0.629244  0.000000  0.000000  0.000000  0.000000
0.000000  0.591441  0.000000  0.000000  0.000000  0.408557  0.000000  0.000000  0.000000  0.000000
0.000000  0.000000  0.000000  0.000000  0.000000  0.999997  0.000000  0.000000  0.000000  0.000000
0.000000  0.000000  0.000000  0.000000  0.000000  0.948277  0.000000  0.000000  0.000000  0.051722
0.000000  0.000000  0.000000  0.000000  0.000000  0.124335  0.000000  0.875664  0.000000  0.000000
0.000000  0.373921  0.000000  0.000000  0.000000  0.056381  0.000000  0.569698  0.000000  0.000000
0.000000  0.999999  0.000000  0.000000  0.000000  0.000000  0.000000  0.000000  0.000000  0.000000
0.000000  0.793197  0.000000  0.000000  0.000000  0.064993  0.000000  0.141809  0.000000  0.000000
0.000000  0.999998  0.000000  0.000000  0.000000  0.000000  0.000000  0.000000  0.000000  0.000000
0.000000  0.999999  0.000000  0.000000  0.000000  0.000000  0.000000  0.000000  0.000000  0.000000
0.000000  0.999999  0.000000  0.000000  0.000000  0.000000  0.000000  0.000000  0.000000  0.000000
0.000000  0.990195  0.000000  0.000000  0.000000  0.009804  0.000000  0.000000  0.000000  0.000000
0.000000  0.969369  0.000000  0.000000  0.000000  0.030630  0.000000  0.000000  0.000000  0.000000
0.000000  0.997142  0.000000  0.000000  0.000000  0.002857  0.000000  0.000000  0.000000  0.000000
0.000000  0.000000  0.000000  0.000000  0.000000  0.999999  0.000000  0.000000  0.000000  0.000000
