0.936804  0.000000  0.000000  0.000000  0.000000  0.000000  0.063195
0.999999  0.000000  0.000000  0.000000  0.000000  0.000000  0.000000
0.994208  0.000000  0.000000  0.000000  0.000000  0.000000  0.005791
0.999999  0.000000  0.000000  0.000000  0.000000  0.000000  0.000000
0.999857  0.000000  0.000000  0.000000  0.000000  0.000000  0.000143
0.999999  0.000000  0.000000  0.000000  0.000000  0.000000  0.000000
0.925118  0.000000  0.000000  0.000000  0.074882  0.000000  0.000000
0.888352  0.000000  0.000000  0.000000  0.111648  0.000000  0.000000
0.878084  0.000000  0.000000  0.000000  0.121915  0.000000  0.000000
0.999068  0.000000  0.000000  0.000000  0.000931  0.000000  0.000000
0.979129  0.000000  0.000000  0.000000  0.020871  0.000000  0.000000
0.865755  0.000000  0.000000  0.000000  0.000000  0.000000  0.134244
0.691942  0.000000  0.301530  0.000000  0.000000  0.000000  0.006528
0.952434  0.000000  0.000000  0.000000  0.000000  0.000000  0.047566
0.431153  0.000000  0.543889  0.000000  0.000401  0.000000  0.024557
0.394009  0.000000  0.605990  0.000000  0.000000  0.000000  0.000000
0.268563  0.000000  0.731437  0.000000  0.000000  0.000000  0.000000
0.282938  0.000000  0.716233  0.000000  0.000292  0.000000  0.000537
0.279786  0.000000  0.720214  0.000000  0.000000  0.000000  0.000000
0.307494  0.000000  0.692505  0.000000  0.000000  0.000000  0.000000
0.276984  0.000000  0.722332  0.000000  0.000000  0.000000  0.000684
0.311388  0.000000  0.688611  0.000000  0.000000  0.000000  0.000000
0.129419  0.000000  0.856750  0.000000  0.013830  0.000000  0.000000
0.141143  0.000000  0.842869  0.000000  0.015987  0.000000  0.000000
0.141417  0.000000  0.827382  0.000000  0.031201  0.000000  0.000000
0.148500  0.000000  0.739883  0.000000  0.111617  0.000000  0.000000
0.112584  0.000000  0.780979  0.000000  0.106437  0.000000  0.000000
0.145986  0.000000  0.736621  0.000000  0.117392  0.000000  0.000000
0.119437  0.000000  0.840297  0.000000  0.040266  0.000000  0.000000
0.111844  0.000000  0.854092  0.000000  0.034064  0.000000  0.000000
0.118332  0.000000  0.851153  0.000000  0.030515  0.000000  0.000000
0.201546  0.000000  0.703264  0.000000  0.093177  0.000000  0.002013
0.181441  0.000000  0.693604  0.000000  0.124832  0.000000  0.000124
0.215842  0.000000  0.705539  0.000000  0.078232  0.000000  0.000387
0.270919  0.000000  0.637765  0.000000  0.091316  0.000000  0.000000
0.243978  0.000000  0.679484  0.000000  0.076537  0.000000  0.000000
0.228166  0.000000  0.695913  0.000000  0.075921  0.000000  0.000000
0.836892  0.000000  0.000000  0.000000  0.163108  0.000000  0.000000
0.795150  0.000000  0.000000  0.000000  0.192698  0.000000  0.012152
0.387799  0.328956  0.281374  0.000000  0.000000  0.000000  0.001871
0.625299  0.000000  0.374700  0.000000  0.000000  0.000000  0.000000
0.664531  0.000000  0.329607  0.000000  0.000000  0.000000  0.005861
0.457502  0.000000  0.482902  0.000000  0.059500  0.000000  0.000096
0.307104  0.000000  0.594046  0.000000  0.098850  0.000000  0.000000
0.339558  0.000000  0.545244  0.000000  0.115198  0.000000  0.000000
0.322885  0.000000  0.549951  0.000000  0.127164  0.000000  0.000000
0.257169  0.000000  0.637220  0.000000  0.105611  0.000000  0.000000
0.340542  0.000000  0.582194  0.000000  0.077263  0.000000  0.000000
0.324176  0.000000  0.587605  0.000000  0.088218  0.000000  0.000000
0.301137  0.000000  0.646971  0.000000  0.051892  0.000000  0.000000
0.000000  0.000000  0.000000  0.000000  0.998106  0.000000  0.001893
0.000000  0.000000  0.000000  0.000000  0.999999  0.000000  0.000000
0.000000  0.000000  0.000000  0.000000  0.999999  0.000000  0.000000
0.000000  0.000000  0.000000  0.000000  0.999999  0.000000  0.000000
0.000000  0.000000  0.000000  0.000000  0.987549  0.000000  0.012450
0.000000  0.000000  0.000000  0.000000  0.982383  0.000000  0.017617
0.000000  0.000000  0.000000  0.000000  0.956984  0.000000  0.043015
0.000000  0.000000  0.000000  0.000000  0.999999  0.000000  0.000000
0.000000  0.000000  0.000000  0.000000  0.999999  0.000000  0.000000
0.037708  0.000000  0.480896  0.000000  0.480762  0.000000  0.000634
0.000000  0.000000  0.481698  0.000000  0.513634  0.000000  0.004667
0.053097  0.000000  0.466744  0.000000  0.480158  0.000000  0.000000
0.000000  0.000000  0.978205  0.000000  0.017952  0.000000  0.003842
0.000000  0.000000  0.986528  0.000000  0.013471  0.000000  0.000000
0.000000  0.000000  0.981538  0.000000  0.015923  0.000000  0.002538
0.000000  0.000000  0.989375  0.000000  0.010625  0.000000  0.000000
0.000000  0.000000  0.983344  0.000000  0.005375  0.000000  0.011281
0.000000  0.000000  0.995407  0.000000  0.000000  0.000000  0.004593
0.000000  0.000000  0.975828  0.000000  0.023996  0.000000  0.000176
0.000000  0.000000  0.983648  0.000000  0.015985  0.000000  0.000366
0.000000  0.000000  0.974496  0.000000  0.014582  0.000000  0.010921
0.000000  0.000000  0.982928  0.000000  0.013866  0.000000  0.003205
0.000000  0.000000  0.991239  0.000000  0.000000  0.000000  0.008761
0.000000  0.000000  0.997702  0.000000  0.000000  0.000000  0.002298
0.000000  0.000000  0.997153  0.000000  0.000000  0.000000  0.002846
0.000000  0.000000  0.998677  0.000000  0.000000  0.000000  0.001322
0.000000  0.000000  0.986580  0.000000  0.000000  0.000000  0.013420
0.000000  0.000000  0.977413  0.000000  0.000000  0.000000  0.022587
0.000000  0.000000  0.999811  0.000000  0.000000  0.000000  0.000188
0.000000  0.000000  0.998724  0.000000  0.000000  0.000000  0.001275
0.000000  0.000000  0.985524  0.000000  0.000000  0.000000  0.014476
0.000000  0.000000  0.992763  0.000000  0.000000  0.000000  0.007236
0.000000  0.000000  0.999999  0.000000  0.000000  0.000000  0.000000
0.000000  0.000000  0.995355  0.000000  0.000000  0.000000  0.004645
0.000000  0.000000  0.999999  0.000000  0.000000  0.000000  0.000000
0.000000  0.000000  0.960421  0.000000  0.000000  0.000000  0.039578
0.000000  0.000000  0.999999  0.000000  0.000000  0.000000  0.000000
0.000000  0.000000  0.999735  0.000000  0.000000  0.000000  0.000264
0.000000  0.000000  0.999979  0.000000  0.000000  0.000000  0.000021
0.000000  0.000000  0.999999  0.000000  0.000000  0.000000  0.000000
0.000000  0.000000  0.999999  0.000000  0.000000  0.000000  0.000000
0.000000  0.000000  0.996963  0.000000  0.000000  0.000000  0.003036
0.000000  0.000000  0.999915  0.000000  0.000000  0.000000  0.000084
0.000000  0.000000  0.999999  0.000000  0.000000  0.000000  0.000000
0.000000  0.000000  0.999999  0.000000  0.000000  0.000000  0.000000
0.000000  0.000000  0.999902  0.000000  0.000000  0.000000  0.000098
0.000000  0.000000  0.999874  0.000000  0.000000  0.000000  0.000126
0.000000  0.000000  0.999999  0.000000  0.000000  0.000000  0.000000
0.000000  0.000000  0.991903  0.000000  0.000000  0.000000  0.008097
0.000000  0.000000  0.999814  0.000000  0.000000  0.000000  0.000186
0.000285  0.000000  0.993801  0.000000  0.000000  0.000000  0.005915
0.000000  0.000000  0.985311  0.000000  0.000000  0.000000  0.014689
0.022878  0.000000  0.975874  0.000000  0.000000  0.000000  0.001247
0.013638  0.000000  0.986361  0.000000  0.000000  0.000000  0.000000
0.012208  0.000000  0.987467  0.000000  0.000000  0.000000  0.000324
0.962927  0.000000  0.000000  0.000000  0.000000  0.000000  0.037073
0.953703  0.000000  0.000000  0.000000  0.000000  0.000000  0.046297
0.999999  0.000000  0.000000  0.000000  0.000000  0.000000  0.000000
0.999999  0.000000  0.000000  0.000000  0.000000  0.000000  0.000000
0.352511  0.000000  0.647452  0.000000  0.000000  0.000000  0.000037
0.311191  0.000000  0.687735  0.000000  0.000000  0.000000  0.001074
0.340116  0.000000  0.652316  0.000000  0.000000  0.000000  0.007567
0.216108  0.000000  0.783891  0.000000  0.000000  0.000000  0.000000
0.221243  0.000000  0.778756  0.000000  0.000000  0.000000  0.000000
0.223082  0.000000  0.776917  0.000000  0.000000  0.000000  0.000000
0.122238  0.000000  0.877761  0.000000  0.000000  0.000000  0.000000
0.129861  0.000000  0.870138  0.000000  0.000000  0.000000  0.000000
0.139042  0.000000  0.860957  0.000000  0.000000  0.000000  0.000000
0.097264  0.000000  0.902736  0.000000  0.000000  0.000000  0.000000
0.109796  0.000000  0.890182  0.000000  0.000000  0.000000  0.000022
0.136081  0.000000  0.863918  0.000000  0.000000  0.000000  0.000000
0.064128  0.000000  0.935872  0.000000  0.000000  0.000000  0.000000
0.060785  0.027053  0.912161  0.000000  0.000000  0.000000  0.000000
0.089534  0.000000  0.908722  0.000000  0.000000  0.000000  0.001743
0.000000  0.000000  0.750830  0.000000  0.196163  0.000000  0.053007
0.000000  0.000000  0.675661  0.000000  0.230033  0.000000  0.094306
0.000000  0.000000  0.978970  0.000000  0.017965  0.000000  0.003064
0.000000  0.000000  0.000000  0.000000  0.964111  0.000000  0.035888
0.163525  0.836475  0.000000  0.000000  0.000000  0.000000  0.000000
0.160708  0.839292  0.000000  0.000000  0.000000  0.000000  0.000000
0.168563  0.831437  0.000000  0.000000  0.000000  0.000000  0.000000
0.039524  0.000000  0.708223  0.000000  0.252252  0.000000  0.000000
0.000000  0.000000  0.000000  0.000000  0.000000  0.000000  0.999999
0.000000  0.000000  0.032374  0.000000  0.249723  0.000000  0.717903
0.000000  0.000000  0.292576  0.000000  0.390724  0.000000  0.316700
0.000000  0.000000  0.000000  0.000000  0.000000  0.000000  0.999999
0.000000  0.000000  0.767123  0.000000  0.097860  0.000000  0.135016
0.000000  0.000000  0.000000  0.000000  0.000000  0.000000  0.999999
0.000000  0.000000  0.000000  0.000000  0.000000  0.000000  0.999999
0.000000  0.000000  0.000000  0.000000  0.000000  0.000000  0.999999
0.000000  0.000000  0.000000  0.000000  0.000000  0.000000  0.999999
0.000000  0.000000  0.000000  0.000000  0.000000  0.000000  0.999999
0.000000  0.000000  0.000000  0.000000  0.000000  0.000000  0.999999
0.000000  0.000000  0.000000  0.000000  0.000000  0.000000  0.999999
0.000000  0.000000  0.000000  0.000000  0.000000  0.000000  0.999999
0.000000  0.000000  0.000000  0.000000  0.000000  0.000000  0.999999
0.000000  0.000000  0.000000  0.000000  0.000000  0.000000  0.999999
0.000000  0.000000  0.000000  0.000000  0.000000  0.000000  0.999999
0.000000  0.000000  0.000000  0.000000  0.000000  0.000000  0.999999
0.000000  0.000000  0.000000  0.122880  0.000000  0.000000  0.877119
0.000000  0.000000  0.000000  0.000000  0.000000  0.000000  0.999999
0.000000  0.000000  0.000000  0.155510  0.000000  0.000000  0.844489
0.000000  0.000000  0.000000  0.155098  0.000000  0.000000  0.844902
0.000000  0.000000  0.000000  0.133321  0.000000  0.000000  0.866679
0.000000  0.000000  0.636975  0.000000  0.224398  0.000000  0.138627
0.000000  0.000000  0.729838  0.000000  0.209752  0.000000  0.060410
0.000000  0.000000  0.745629  0.000000  0.201437  0.000000  0.052934
0.000000  0.000000  0.764084  0.000000  0.196712  0.000000  0.039204
0.000000  0.000000  0.727088  0.000000  0.201747  0.000000  0.071164
0.000000  0.000000  0.646169  0.000000  0.202042  0.000000  0.151788
0.000000  0.000000  0.710577  0.000000  0.238549  0.000000  0.050873
0.000000  0.000000  0.742991  0.000000  0.236767  0.000000  0.020241
0.000000  0.000000  0.774793  0.000000  0.190300  0.000000  0.034907
0.000000  0.000000  0.732595  0.000000  0.244908  0.000000  0.022496
0.000000  0.000000  0.847816  0.000000  0.000000  0.000000  0.152183
0.000000  0.000000  0.803797  0.000000  0.092915  0.000000  0.103288
0.000000  0.000000  0.736640  0.000000  0.132320  0.000000  0.131039
0.000000  0.000000  0.731817  0.000000  0.129377  0.000000  0.138805
0.000000  0.000000  0.703583  0.000000  0.122524  0.000000  0.173892
0.000000  0.000000  0.789663  0.000000  0.116185  0.000000  0.094151
0.000000  0.000000  0.760325  0.000000  0.127604  0.000000  0.112071
0.000000  0.000000  0.000000  0.000000  0.691100  0.000000  0.308899
0.000000  0.000000  0.771587  0.000000  0.136958  0.000000  0.091455
0.000000  0.000000  0.879075  0.000000  0.068511  0.000000  0.052413
0.000000  0.000000  0.316334  0.000000  0.541968  0.000000  0.141697
0.000000  0.000000  0.999999  0.000000  0.000000  0.000000  0.000000
0.000000  0.000000  0.888403  0.000000  0.023353  0.000000  0.088244
0.000000  0.000000  0.977384  0.000000  0.022616  0.000000  0.000000
0.000000  0.000000  0.933451  0.000000  0.048766  0.000000  0.017783
0.000000  0.000000  0.947160  0.000000  0.051564  0.000000  0.001276
0.000000  0.000000  0.949135  0.000000  0.050865  0.000000  0.000000
0.000000  0.000000  0.895203  0.000000  0.104796  0.000000  0.000000
0.000000  0.000000  0.802957  0.000000  0.053755  0.000000  0.143287
0.000000  0.000000  0.955836  0.000000  0.042961  0.000000  0.001202
0.000000  0.000000  0.888729  0.000000  0.087429  0.000000  0.023842
0.000000  0.000000  0.646444  0.000000  0.247939  0.000000  0.105616
0.000000  0.000000  0.893503  0.000000  0.106497  0.000000  0.000000
0.000000  0.000000  0.826490  0.000000  0.000000  0.000000  0.173509
0.000000  0.000000  0.999999  0.000000  0.000000  0.000000  0.000000
0.000000  0.000000  0.899644  0.000000  0.100356  0.000000  0.000000
0.003032  0.000000  0.550778  0.000000  0.438570  0.000000  0.007620
0.000000  0.000000  0.898990  0.000000  0.101009  0.000000  0.000000
0.000000  0.000000  0.899647  0.000000  0.097254  0.000000  0.003099
0.000000  0.000000  0.912109  0.000000  0.087891  0.000000  0.000000
0.000000  0.000000  0.873610  0.000000  0.112854  0.000000  0.013535
0.000000  0.000000  0.000000  0.000000  0.000000  0.000000  0.999999
0.000000  0.000000  0.000000  0.000000  0.967583  0.000000  0.032415
0.000000  0.000000  0.000000  0.000000  0.999999  0.000000  0.000000
0.000000  0.000000  0.000000  0.000000  0.999991  0.000000  0.000008
0.000000  0.000000  0.000000  0.000000  0.999999  0.000000  0.000000
0.000000  0.000000  0.000000  0.000000  0.999999  0.000000  0.000000
0.000000  0.000000  0.000000  0.000000  0.999999  0.000000  0.000000
0.000000  0.000000  0.000000  0.000000  0.999999  0.000000  0.000000
0.000000  0.000000  0.000000  0.000000  0.999999  0.000000  0.000000
0.000000  0.000000  0.000000  0.000000  0.912281  0.000000  0.087719
0.000000  0.000000  0.000000  0.000000  0.999999  0.000000  0.000000
0.000000  0.000000  0.842561  0.000000  0.002908  0.000000  0.154531
0.000000  0.000000  0.832697  0.000000  0.000000  0.000000  0.167302
0.000000  0.000000  0.890909  0.000000  0.000000  0.000000  0.109090
0.000000  0.000000  0.843189  0.000000  0.000148  0.000000  0.156663
0.000000  0.000000  0.431784  0.000000  0.431129  0.000000  0.137086
0.000000  0.000000  0.908143  0.000000  0.000000  0.000000  0.091856
0.000000  0.000000  0.860539  0.000000  0.000000  0.000000  0.139460
0.000000  0.000000  0.779085  0.000000  0.175443  0.000000  0.045471
0.000000  0.000000  0.838464  0.000000  0.134620  0.000000  0.026915
0.000000  0.000000  0.843641  0.000000  0.000000  0.000000  0.156358
0.000000  0.000000  0.000000  0.000000  0.000000  0.000000  0.999999
0.000000  0.000000  0.000000  0.000000  0.000000  0.000000  0.999999
0.000000  0.000000  0.000000  0.000000  0.000000  0.000000  0.999998
0.000001  0.000001  0.000001  0.000001  0.000001  0.000001  0.999995
0.000001  0.000001  0.000001  0.000001  0.000001  0.000001  0.999994
0.000000  0.000000  0.000000  0.000000  0.000000  0.000000  0.999999
0.000000  0.000000  0.000000  0.000000  0.000000  0.000000  0.999998
0.000000  0.000000  0.000000  0.000000  0.000000  0.000000  0.999998
0.000000  0.000000  0.000000  0.000000  0.000000  0.000000  0.999997
0.000000  0.000000  0.000000  0.000000  0.948719  0.000000  0.051281
0.000000  0.000000  0.714645  0.000000  0.183836  0.000000  0.101519
0.000000  0.000000  0.000000  0.000000  0.917209  0.000000  0.082790
0.000000  0.000000  0.000000  0.000000  0.908766  0.000000  0.091234
0.000000  0.000000  0.000000  0.000000  0.950478  0.000000  0.049522
0.000000  0.000000  0.000000  0.000000  0.928737  0.000000  0.071263
0.000000  0.000000  0.000000  0.000000  0.947513  0.000000  0.052486
0.000000  0.000000  0.000000  0.000000  0.938891  0.000000  0.061108
0.000000  0.000000  0.100387  0.000000  0.881651  0.000000  0.017961
0.000000  0.000000  0.378759  0.000000  0.101847  0.000000  0.519393
0.000001  0.999994  0.000001  0.000001  0.000001  0.000001  0.000001
0.000001  0.999996  0.000001  0.000001  0.000001  0.000001  0.000001
0.000000  0.999999  0.000000  0.000000  0.000000  0.000000  0.000000
0.000000  0.999999  0.000000  0.000000  0.000000  0.000000  0.000000
0.000000  0.999999  0.000000  0.000000  0.000000  0.000000  0.000000
0.000000  0.999999  0.000000  0.000000  0.000000  0.000000  0.000000
0.000000  0.999999  0.000000  0.000000  0.000000  0.000000  0.000000
0.000000  0.999999  0.000000  0.000000  0.000000  0.000000  0.000000
0.000000  0.999999  0.000000  0.000000  0.000000  0.000000  0.000000
0.000000  0.999999  0.000000  0.000000  0.000000  0.000000  0.000000
0.000000  0.999999  0.000000  0.000000  0.000000  0.000000  0.000000
0.000000  0.000000  0.000000  0.151160  0.000000  0.000000  0.848839
0.000000  0.000000  0.000000  0.000000  0.000000  0.000000  0.999999
0.000000  0.000000  0.000000  0.000000  0.000000  0.000000  0.999999
0.000000  0.000000  0.000000  0.000000  0.000000  0.000000  0.999999
0.000000  0.000000  0.000000  0.000000  0.000000  0.000000  0.999999
0.000000  0.000000  0.000000  0.000000  0.000000  0.000000  0.999999
0.000000  0.000000  0.000000  0.000000  0.000000  0.000000  0.999999
0.000000  0.000000  0.000000  0.000000  0.000000  0.000000  0.999999
0.000000  0.000000  0.000000  0.000000  0.000000  0.000000  0.999999
0.000000  0.000000  0.000000  0.000000  0.000000  0.000000  0.999999
0.000000  0.000000  0.000000  0.000000  0.000000  0.000000  0.999999
0.000000  0.000000  0.000000  0.000000  0.000000  0.000000  0.999999
0.000000  0.000000  0.000000  0.000000  0.000000  0.000000  0.999999
0.000000  0.000000  0.000000  0.000000  0.000000  0.000000  0.999999
0.000719  0.000000  0.959191  0.000000  0.040090  0.000000  0.000000
0.000000  0.000000  0.632702  0.000000  0.193989  0.000000  0.173308
0.000000  0.000000  0.000000  0.000000  0.664645  0.000000  0.335354
0.000000  0.000000  0.283445  0.000000  0.680297  0.000000  0.036257
0.000000  0.000000  0.185525  0.000000  0.783734  0.000000  0.030740
0.000000  0.000000  0.398475  0.000000  0.443249  0.000000  0.158275
0.000000  0.000000  0.801419  0.000000  0.150898  0.000000  0.047683
0.000000  0.000000  0.302938  0.000000  0.678678  0.000000  0.018383
0.000000  0.000000  0.275269  0.000000  0.656411  0.000000  0.068320
0.000000  0.000000  0.488977  0.000000  0.471968  0.000000  0.039054
0.000000  0.000000  0.464607  0.000000  0.479756  0.000000  0.055637
0.000000  0.000000  0.474827  0.000000  0.465750  0.000000  0.059422
0.000000  0.000000  0.442265  0.000000  0.487410  0.000000  0.070324
0.000000  0.000000  0.496544  0.000000  0.434705  0.000000  0.068751
0.000000  0.000000  0.499875  0.000000  0.467798  0.000000  0.032326
0.000000  0.000000  0.676918  0.000000  0.185584  0.000000  0.137497
0.000000  0.000000  0.531879  0.000000  0.460512  0.000000  0.007608
0.000000  0.000000  0.642729  0.000000  0.245672  0.000000  0.111598
0.000000  0.000000  0.031889  0.000000  0.519839  0.000000  0.448271
0.000000  0.000000  0.474183  0.000000  0.452397  0.000000  0.073419
0.000000  0.000000  0.476092  0.000000  0.454924  0.000000  0.068984
0.000000  0.000000  0.865404  0.000000  0.000281  0.000000  0.134314
0.000000  0.000000  0.508093  0.000000  0.432343  0.000000  0.059563
0.000000  0.000000  0.000000  0.000000  0.995609  0.000000  0.004390
0.000000  0.000000  0.000000  0.000000  0.934741  0.000000  0.065259
0.000000  0.000000  0.000000  0.000000  0.994409  0.000000  0.005590
0.000000  0.000000  0.000000  0.000000  0.999761  0.000000  0.000238
0.000000  0.000000  0.000000  0.000000  0.999999  0.000000  0.000000
0.000000  0.000000  0.000000  0.000000  0.999471  0.000000  0.000528
0.000000  0.000000  0.000000  0.000000  0.989548  0.000000  0.010452
0.000000  0.000000  0.000000  0.000000  0.999999  0.000000  0.000000
0.000000  0.000000  0.000000  0.069198  0.000000  0.000000  0.930801
0.000000  0.000000  0.000000  0.000000  0.598873  0.000000  0.401126
0.000000  0.000000  0.000000  0.000000  0.000000  0.000000  0.999998
0.000000  0.000000  0.000000  0.000000  0.000000  0.000000  0.999999
0.000000  0.000000  0.000000  0.000000  0.000000  0.000000  0.999999
0.000000  0.000000  0.691122  0.000000  0.154877  0.000000  0.154000
0.000000  0.000000  0.825019  0.000000  0.000092  0.000000  0.174888
0.114019  0.000000  0.864912  0.000000  0.000731  0.000000  0.020337
0.000001  0.000001  0.000001  0.000001  0.397802  0.000001  0.602194
0.000000  0.000000  0.773533  0.000000  0.000000  0.000000  0.226466
0.408126  0.000001  0.398403  0.000001  0.000001  0.000001  0.193469
0.000001  0.000001  0.000001  0.000001  0.818759  0.000001  0.181238
0.000000  0.000000  0.000000  0.000000  0.916022  0.000000  0.083977
0.000000  0.000000  0.861353  0.000000  0.111717  0.000000  0.026929
0.130990  0.000000  0.299418  0.000000  0.373749  0.000000  0.195843
0.499366  0.000000  0.000000  0.000000  0.000000  0.000000  0.500633
0.721792  0.000000  0.000000  0.000000  0.000000  0.000000  0.278206
0.586921  0.000000  0.000000  0.000000  0.000000  0.000000  0.413078
0.851717  0.000000  0.000000  0.000000  0.000000  0.000000  0.148282
0.307188  0.000000  0.000000  0.000000  0.000000  0.000000  0.692811
0.715471  0.000000  0.000000  0.000000  0.000000  0.000000  0.284528
