0.000000  0.959555  0.000000  0.040445  0.000000  0.000000
0.000000  0.999999  0.000000  0.000000  0.000000  0.000000
0.000000  0.999539  0.000000  0.000460  0.000000  0.000000
0.000000  0.999999  0.000000  0.000000  0.000000  0.000000
0.000000  0.999999  0.000000  0.000000  0.000000  0.000000
0.000000  0.999999  0.000000  0.000000  0.000000  0.000000
0.000000  0.999999  0.000000  0.000000  0.000000  0.000000
0.000000  0.890404  0.109595  0.000000  0.000000  0.000000
0.000000  0.881862  0.118137  0.000000  0.000000  0.000000
0.000000  0.992101  0.000000  0.007898  0.000000  0.000000
0.000000  0.977829  0.022171  0.000000  0.000000  0.000000
0.000000  0.909367  0.000000  0.090633  0.000000  0.000000
0.000000  0.846508  0.000000  0.000000  0.000000  0.153491
0.000000  0.984763  0.000000  0.015236  0.000000  0.000000
0.000000  0.625984  0.005683  0.000000  0.000000  0.368332
0.000000  0.560163  0.000000  0.001362  0.000000  0.438475
0.000000  0.531346  0.000000  0.000000  0.000000  0.468654
0.000000  0.556485  0.000000  0.000000  0.000000  0.443514
0.000000  0.549264  0.000000  0.000000  0.000000  0.450736
0.000000  0.956593  0.000000  0.043407  0.000000  0.000000
0.000000  0.645379  0.000000  0.000000  0.000000  0.354621
0.000000  0.663299  0.000000  0.000329  0.000000  0.336372
0.000000  0.297682  0.015056  0.000000  0.000000  0.687261
0.000000  0.309973  0.023763  0.000000  0.000000  0.666264
0.000000  0.305330  0.040552  0.000000  0.000000  0.654118
0.000000  0.326692  0.130247  0.000000  0.000000  0.543061
0.000000  0.286460  0.130274  0.000000  0.000000  0.583266
0.000000  0.321320  0.132200  0.000000  0.000000  0.546480
0.000000  0.349537  0.000000  0.000000  0.000000  0.650462
0.000000  0.338883  0.000000  0.000000  0.000000  0.661117
0.000000  0.336643  0.000000  0.000000  0.000000  0.663356
0.000000  0.436556  0.152809  0.002659  0.000000  0.407976
0.000000  0.419343  0.179243  0.000000  0.000000  0.401414
0.000000  0.458221  0.130981  0.000583  0.000000  0.410214
0.000000  0.528189  0.141748  0.000000  0.000000  0.330063
0.000000  0.503086  0.129778  0.000000  0.000000  0.367136
0.000000  0.483581  0.125610  0.000040  0.000000  0.390769
0.000000  0.889615  0.110385  0.000000  0.000000  0.000000
0.000000  0.823289  0.176711  0.000000  0.000000  0.000000
0.000000  0.766309  0.000000  0.000000  0.000000  0.233690
0.000000  0.999999  0.000000  0.000000  0.000000  0.000000
0.000000  0.778829  0.208540  0.012631  0.000000  0.000000
0.000000  0.551824  0.165740  0.000000  0.000000  0.282436
0.000000  0.599970  0.179994  0.000000  0.000000  0.220035
0.000000  0.704170  0.295829  0.000000  0.000000  0.000000
0.000000  0.679176  0.320823  0.000000  0.000000  0.000000
0.000000  0.749824  0.250176  0.000000  0.000000  0.000000
0.000000  0.731554  0.268446  0.000000  0.000000  0.000000
0.000000  0.740532  0.244724  0.014743  0.000000  0.000000
0.000000  0.060291  0.939709  0.000000  0.000000  0.000000
0.000000  0.063436  0.936563  0.000000  0.000000  0.000000
0.000000  0.058370  0.935024  0.000000  0.000000  0.006606
0.000000  0.067061  0.897854  0.000000  0.000000  0.035085
0.000000  0.073356  0.922552  0.004091  0.000000  0.000000
0.000000  0.099799  0.892848  0.007353  0.000000  0.000000
0.000000  0.045299  0.922299  0.032401  0.000000  0.000000
0.000000  0.038228  0.961772  0.000000  0.000000  0.000000
0.000000  0.070330  0.929670  0.000000  0.000000  0.000000
0.000000  0.164701  0.488609  0.000000  0.000000  0.346689
0.000000  0.151691  0.518458  0.002607  0.000000  0.327243
0.000000  0.198257  0.477480  0.000000  0.000000  0.324263
0.000000  0.014447  0.000000  0.000000  0.000000  0.985552
0.000000  0.012330  0.031553  0.000000  0.000000  0.956117
0.000000  0.000000  0.000000  0.000400  0.000000  0.999600
0.000000  0.015679  0.000000  0.000000  0.000000  0.984320
0.000000  0.015000  0.009856  0.000000  0.000000  0.975143
0.000000  0.001616  0.031762  0.000000  0.000000  0.966622
0.000000  0.000000  0.042852  0.000000  0.000000  0.957147
0.000000  0.003324  0.028503  0.000000  0.000000  0.968173
0.000000  0.020881  0.033412  0.003654  0.000000  0.942052
0.000000  0.005916  0.000000  0.000515  0.000000  0.993569
0.000000  0.000000  0.000000  0.000000  0.000000  0.999999
0.000000  0.000001  0.000000  0.000000  0.000000  0.999998
0.000000  0.000000  0.000000  0.000000  0.000000  0.999999
0.000000  0.000000  0.000000  0.000000  0.000000  0.999999
0.000000  0.000000  0.000000  0.000000  0.000000  0.999999
0.000000  0.000000  0.000000  0.014417  0.000000  0.985583
0.000000  0.000000  0.000000  0.000000  0.000000  0.999999
0.000000  0.000000  0.000000  0.000000  0.000000  0.999999
0.000000  0.000000  0.000000  0.005471  0.000000  0.994528
0.000000  0.000000  0.000000  0.000000  0.000000  0.999999
0.000000  0.022255  0.000000  0.000000  0.000000  0.977744
0.000000  0.000000  0.000000  0.000000  0.000000  0.999999
0.000000  0.000000  0.000000  0.000000  0.000000  0.999999
0.000000  0.000000  0.000000  0.031660  0.000000  0.968339
0.000000  0.000000  0.000000  0.000000  0.000000  0.999999
0.000000  0.023004  0.000000  0.000000  0.000000  0.976996
0.000000  0.034269  0.000045  0.000000  0.000000  0.965685
0.000000  0.040490  0.000000  0.000000  0.000000  0.959509
0.000000  0.000000  0.000000  0.000000  0.000000  0.999999
0.000000  0.000000  0.000000  0.000308  0.000000  0.999691
0.000000  0.000000  0.000000  0.000000  0.000000  0.999999
0.000000  0.000000  0.000000  0.000000  0.000000  0.999999
0.000000  0.008314  0.000000  0.000000  0.000000  0.991685
0.000000  0.000000  0.000000  0.000000  0.000000  0.999999
0.000000  0.000000  0.000000  0.000000  0.000000  0.999999
0.000000  0.000000  0.000000  0.000000  0.000000  0.999999
0.000000  0.000000  0.000000  0.000000  0.000000  0.999999
0.000000  0.000000  0.000000  0.000000  0.000000  0.999999
0.000000  0.054375  0.000000  0.001566  0.000000  0.944059
0.000000  0.000000  0.000000  0.007474  0.000000  0.992526
0.000000  0.109130  0.000000  0.000384  0.000000  0.890485
0.000000  0.096573  0.000000  0.000000  0.000000  0.903426
0.000000  0.079693  0.000000  0.000000  0.000000  0.920306
0.000000  0.978067  0.000000  0.021933  0.000000  0.000000
0.000000  0.999999  0.000000  0.000000  0.000000  0.000000
0.000000  0.999999  0.000000  0.000000  0.000000  0.000000
0.000000  0.999999  0.000000  0.000000  0.000000  0.000000
0.000000  0.590979  0.000000  0.000000  0.000000  0.409020
0.000000  0.542438  0.000000  0.000000  0.000000  0.457561
0.000000  0.581625  0.000122  0.000000  0.000000  0.418252
0.000000  0.599554  0.000000  0.000014  0.000000  0.400431
0.000000  0.865113  0.098486  0.036400  0.000000  0.000000
0.000000  0.969259  0.000000  0.030740  0.000000  0.000000
0.000000  0.326009  0.000000  0.000000  0.000000  0.673990
0.000000  0.349150  0.000000  0.000000  0.000000  0.650850
0.000000  0.343487  0.000000  0.000000  0.000000  0.656512
0.000000  0.261480  0.000000  0.000001  0.000000  0.738518
0.000000  0.276040  0.000000  0.000000  0.000000  0.723960
0.000000  0.310734  0.000000  0.000000  0.000000  0.689265
0.000000  0.179801  0.000000  0.000000  0.000000  0.820198
0.000000  0.173411  0.000000  0.000000  0.000000  0.826588
0.000000  0.205187  0.000000  0.000000  0.000000  0.794812
0.000000  0.000000  0.210256  0.033566  0.000000  0.756177
0.000000  0.000000  0.250119  0.072416  0.000000  0.677465
0.000000  0.000000  0.049575  0.000000  0.000000  0.950424
0.000000  0.000000  0.979231  0.020768  0.000000  0.000000
0.000000  0.000000  0.000000  0.000000  0.999999  0.000000
0.000000  0.000000  0.000000  0.000000  0.999999  0.000000
0.000000  0.000000  0.000000  0.000000  0.999999  0.000000
0.000000  0.168935  0.254859  0.000000  0.000000  0.576206
0.000000  0.000000  0.000000  0.999999  0.000000  0.000000
0.000000  0.000000  0.345179  0.654820  0.000000  0.000000
0.000000  0.000000  0.376433  0.263994  0.000000  0.359572
0.000000  0.000000  0.201254  0.798745  0.000000  0.000000
0.000000  0.000000  0.094349  0.110185  0.000000  0.795466
0.000000  0.000000  0.000000  0.999999  0.000000  0.000000
0.000000  0.000000  0.000000  0.999999  0.000000  0.000000
0.000000  0.000000  0.000000  0.999999  0.000000  0.000000
0.000000  0.000000  0.000000  0.999999  0.000000  0.000000
0.000000  0.000000  0.000000  0.999999  0.000000  0.000000
0.000000  0.000000  0.000000  0.999999  0.000000  0.000000
0.000000  0.000000  0.000000  0.999999  0.000000  0.000000
0.000000  0.000000  0.000000  0.999999  0.000000  0.000000
0.000000  0.000000  0.000000  0.999999  0.000000  0.000000
0.000000  0.000000  0.000000  0.999999  0.000000  0.000000
0.000000  0.000000  0.000000  0.999999  0.000000  0.000000
0.000000  0.000000  0.000000  0.999999  0.000000  0.000000
0.000000  0.000000  0.000000  0.415123  0.000000  0.584876
0.000000  0.000000  0.000000  0.999999  0.000000  0.000000
0.000000  0.000000  0.000000  0.311825  0.000000  0.688174
0.000000  0.000000  0.000000  0.322099  0.000000  0.677901
0.000000  0.000000  0.000000  0.451468  0.000000  0.548531
0.000000  0.000000  0.242131  0.112698  0.000000  0.645171
0.000000  0.000000  0.224018  0.036449  0.000000  0.739533
0.000000  0.000000  0.226023  0.000000  0.000000  0.773977
0.000000  0.000000  0.217065  0.018217  0.000000  0.764717
0.000000  0.000000  0.220371  0.048370  0.000000  0.731259
0.000000  0.000000  0.204118  0.125415  0.000000  0.670466
0.000000  0.000000  0.254539  0.029341  0.000000  0.716120
0.000000  0.000000  0.255666  0.005392  0.000000  0.738941
0.000000  0.000000  0.206557  0.016399  0.000000  0.777043
0.000000  0.000000  0.265626  0.000000  0.000000  0.734374
0.000000  0.000000  0.136646  0.123462  0.000000  0.739892
0.000000  0.000000  0.088707  0.080384  0.000000  0.830909
0.000000  0.000000  0.142034  0.107571  0.000000  0.750395
0.000000  0.000000  0.127019  0.112381  0.000000  0.760600
0.000000  0.000000  0.134348  0.148010  0.000000  0.717640
0.000000  0.000000  0.122011  0.075349  0.000000  0.802640
0.000000  0.000000  0.134998  0.090530  0.000000  0.774471
0.000000  0.000000  0.146608  0.193309  0.000000  0.660082
0.000000  0.000000  0.145227  0.068455  0.000000  0.786318
0.000000  0.000000  0.090419  0.040586  0.000000  0.868995
0.000000  0.000000  0.549504  0.119636  0.000000  0.330860
0.000000  0.000000  0.000000  0.000000  0.000000  0.999999
0.000000  0.000092  0.042516  0.073409  0.000000  0.883983
0.000000  0.000000  0.045166  0.000000  0.000000  0.954833
0.000000  0.000000  0.072612  0.010882  0.000000  0.916506
0.000000  0.029487  0.065876  0.000000  0.000000  0.904637
0.000000  0.000000  0.080041  0.000000  0.000000  0.919958
0.000000  0.030690  0.126447  0.000000  0.000000  0.842862
0.000000  0.000000  0.083089  0.123370  0.000000  0.793540
0.000000  0.000000  0.074599  0.000000  0.000000  0.925401
0.000000  0.014836  0.123611  0.015715  0.000000  0.845837
0.000000  0.000000  0.266421  0.082890  0.000000  0.650689
0.000000  0.038877  0.129690  0.000000  0.000000  0.831432
0.000000  0.000000  0.000000  0.147024  0.000000  0.852975
0.000000  0.000000  0.000000  0.000000  0.000000  0.999999
0.000000  0.048689  0.123872  0.000000  0.000000  0.827438
0.000000  0.053426  0.429090  0.000000  0.000000  0.517483
0.000000  0.064167  0.114167  0.000000  0.000000  0.821666
0.000000  0.000000  0.128173  0.000000  0.000000  0.871826
0.000000  0.024708  0.111372  0.000000  0.000000  0.863920
0.000000  0.006299  0.142344  0.008723  0.000000  0.842633
0.000000  0.000000  0.000000  0.999999  0.000000  0.000000
0.000000  0.000000  0.999998  0.000000  0.000000  0.000000
0.000000  0.000000  0.999999  0.000000  0.000000  0.000000
0.000000  0.000000  0.999999  0.000000  0.000000  0.000000
0.000000  0.000000  0.999999  0.000000  0.000000  0.000000
0.000000  0.000000  0.999999  0.000000  0.000000  0.000000
0.000000  0.000000  0.999999  0.000000  0.000000  0.000000
0.000000  0.000000  0.999999  0.000000  0.000000  0.000000
0.000000  0.000000  0.999999  0.000000  0.000000  0.000000
0.000000  0.000000  0.932072  0.067927  0.000000  0.000000
0.000000  0.000000  0.999999  0.000000  0.000000  0.000000
0.000000  0.000000  0.000000  0.130953  0.000000  0.869046
0.000000  0.000000  0.002964  0.139968  0.000000  0.857067
0.000000  0.000000  0.000000  0.087051  0.000000  0.912948
0.000000  0.000000  0.000000  0.133568  0.000000  0.866432
0.000000  0.000000  0.442053  0.111982  0.000000  0.445964
0.000000  0.000000  0.018064  0.070547  0.000000  0.911389
0.000000  0.000000  0.006323  0.118309  0.000000  0.875367
0.000000  0.000000  0.201176  0.000000  0.000000  0.798823
0.000000  0.115931  0.000000  0.000000  0.000000  0.884068
0.000000  0.000000  0.000664  0.133009  0.000000  0.866327
0.000000  0.000000  0.000000  0.999999  0.000000  0.000000
0.000000  0.000000  0.000000  0.999999  0.000000  0.000000
0.000000  0.000000  0.000000  0.999998  0.000000  0.000000
0.055864  0.000002  0.000002  0.944129  0.000002  0.000002
0.000000  0.000000  0.000123  0.772063  0.000000  0.227813
0.000000  0.000000  0.000000  0.751370  0.000000  0.248629
0.000001  0.000001  0.197139  0.802858  0.000001  0.000001
0.000000  0.014420  0.957240  0.028339  0.000000  0.000000
0.000000  0.000000  0.211507  0.075795  0.000000  0.712697
0.000000  0.000000  0.999998  0.000000  0.000000  0.000000
0.000000  0.000000  0.926887  0.073112  0.000000  0.000000
0.000000  0.039489  0.960510  0.000000  0.000000  0.000000
0.000000  0.000000  0.858196  0.041703  0.000000  0.100101
0.000000  0.000000  0.870168  0.022429  0.000000  0.107403
0.000000  0.000000  0.958347  0.041651  0.000000  0.000000
0.000000  0.029466  0.960563  0.009970  0.000000  0.000000
0.999993  0.000001  0.000001  0.000001  0.000001  0.000001
0.999995  0.000001  0.000001  0.000001  0.000001  0.000001
0.999999  0.000000  0.000000  0.000000  0.000000  0.000000
0.999999  0.000000  0.000000  0.000000  0.000000  0.000000
0.999999  0.000000  0.000000  0.000000  0.000000  0.000000
0.999999  0.000000  0.000000  0.000000  0.000000  0.000000
0.999999  0.000000  0.000000  0.000000  0.000000  0.000000
0.999999  0.000000  0.000000  0.000000  0.000000  0.000000
0.999999  0.000000  0.000000  0.000000  0.000000  0.000000
0.999999  0.000000  0.000000  0.000000  0.000000  0.000000
0.999999  0.000000  0.000000  0.000000  0.000000  0.000000
0.000001  0.000001  0.000001  0.314604  0.000001  0.685394
0.000000  0.000000  0.000000  0.999999  0.000000  0.000000
0.000000  0.000000  0.000000  0.999999  0.000000  0.000000
0.000000  0.000000  0.000000  0.999999  0.000000  0.000000
0.000000  0.000000  0.000000  0.999999  0.000000  0.000000
0.000000  0.000000  0.000000  0.999999  0.000000  0.000000
0.000000  0.000000  0.000000  0.999999  0.000000  0.000000
0.000000  0.000000  0.000000  0.999999  0.000000  0.000000
0.000000  0.000000  0.000000  0.999999  0.000000  0.000000
0.000000  0.000000  0.000000  0.999999  0.000000  0.000000
0.000000  0.000000  0.000000  0.999999  0.000000  0.000000
0.000000  0.000000  0.000000  0.999999  0.000000  0.000000
0.000000  0.000000  0.000000  0.870357  0.000000  0.129642
0.000000  0.000000  0.000000  0.999999  0.000000  0.000000
0.000000  0.057858  0.052498  0.000000  0.000000  0.889643
0.000000  0.000000  0.208214  0.146362  0.000000  0.645424
0.000000  0.000000  0.685010  0.000000  0.000000  0.314989
0.000000  0.000000  0.964210  0.035789  0.000000  0.000000
0.000000  0.000000  0.527819  0.132245  0.000000  0.339935
0.000000  0.000000  0.183508  0.039174  0.000000  0.777317
0.000000  0.000000  0.682952  0.005064  0.000000  0.311983
0.000000  0.000000  0.664212  0.048116  0.000000  0.287671
0.000000  0.000000  0.475708  0.021821  0.000000  0.502471
0.000000  0.000000  0.491235  0.035191  0.000000  0.473574
0.000000  0.000000  0.487629  0.039212  0.000000  0.473158
0.000000  0.000000  0.501796  0.050183  0.000000  0.448021
0.000000  0.000000  0.439223  0.047928  0.000000  0.512848
0.000000  0.000000  0.999999  0.000000  0.000000  0.000000
0.000000  0.000000  0.199387  0.111441  0.000000  0.689170
0.000000  0.000000  0.487384  0.000000  0.000000  0.512615
0.000000  0.000000  0.261924  0.087678  0.000000  0.650397
0.000000  0.000000  0.463208  0.051701  0.000000  0.485091
0.000000  0.000000  0.468153  0.048767  0.000000  0.483079
0.000000  0.000000  0.000892  0.109046  0.000000  0.890061
0.000000  0.000000  0.447552  0.041051  0.000000  0.511396
0.000000  0.000000  0.999999  0.000000  0.000000  0.000000
0.000000  0.027543  0.918063  0.054394  0.000000  0.000000
0.000000  0.000000  0.999998  0.000000  0.000000  0.000000
0.000000  0.000000  0.999999  0.000000  0.000000  0.000000
0.000000  0.000000  0.999999  0.000000  0.000000  0.000000
0.000000  0.000000  0.999999  0.000000  0.000000  0.000000
0.000000  0.000000  0.999997  0.000002  0.000000  0.000000
0.000000  0.000000  0.999999  0.000000  0.000000  0.000000
0.000000  0.000000  0.419507  0.580492  0.000000  0.000000
0.000000  0.000000  0.640990  0.359009  0.000000  0.000000
0.000001  0.000001  0.150985  0.849013  0.000001  0.000001
0.000000  0.000000  0.019574  0.772595  0.000000  0.207830
0.000000  0.000000  0.000000  0.999999  0.000000  0.000000
0.000000  0.000000  0.160033  0.128699  0.000000  0.711267
0.000000  0.000000  0.000000  0.149864  0.000000  0.850135
0.000000  0.279605  0.000000  0.026499  0.000000  0.693895
0.000000  0.000000  0.000000  0.199041  0.000000  0.800958
0.000001  0.000002  0.841096  0.158899  0.000001  0.000001
0.000000  0.024384  0.909680  0.065935  0.000000  0.000000
0.000000  0.099576  0.122305  0.027611  0.000000  0.750506
0.000000  0.289301  0.517482  0.193216  0.000000  0.000000
0.000000  0.758858  0.000000  0.241140  0.000000  0.000000
0.000000  0.620110  0.000000  0.379889  0.000000  0.000000
0.000000  0.883539  0.000000  0.116459  0.000000  0.000000
0.000000  0.350391  0.000000  0.649608  0.000000  0.000000
0.000000  0.752931  0.000000  0.247068  0.000000  0.000000
